1.5629 30.2622
1.5560 30.2622
1.5614 30.2622
1.5584 30.2622
1.5556 30.2622
1.5628 30.2622
1.5578 30.2622
1.5619 30.2622
1.5573 30.2622
1.5578 30.2622
1.5629 30.2622
1.5610 30.2622
1.5640 30.2622
1.5621 30.2622
1.5614 30.2622
1.5650 30.2622
1.5613 30.2622
1.5653 30.2622
1.5562 30.2622
1.5574 30.2622
1.5636 30.2622
1.5555 30.2622
1.5630 30.2622
1.5557 30.2622
1.5555 30.2622
1.5652 30.2622
1.5632 30.2622
1.5613 30.2622
1.5631 30.2622
1.5602 30.2622
1.5565 30.2622
1.5631 30.2622
1.5613 30.2622
1.5584 30.2622
1.5615 30.2622
1.5590 30.2622
1.5623 30.2622
1.5569 30.2622
1.5562 30.2622
1.5669 30.2622
1.5572 30.2622
1.5668 30.2622
1.5582 30.2622
1.5671 30.2622
1.5638 30.2622
1.5666 30.2622
1.5589 30.2622
1.5554 30.2622
1.5564 30.2622
1.5662 30.2622
1.5591 30.2622
1.5628 30.2622
1.5567 30.2622
1.5636 30.2622
1.5634 30.2622
1.5571 30.2622
1.5584 30.2622
1.5616 30.2622
1.5570 30.2622
1.5655 30.2622
1.5668 30.2622
1.5594 30.2622
1.5622 30.2622
1.5638 30.2622
1.5611 30.2622
1.5628 30.2622
1.5659 30.2622
1.5669 30.2622
1.5630 30.2622
1.5652 30.2622
1.5657 30.2622
1.5598 30.2622
1.5592 30.2622
1.5578 30.2622
1.5651 30.2622
1.5576 30.2622
1.5572 30.2622
1.5552 30.2622
1.5663 30.2622
1.5552 30.2622
1.5583 30.2622
1.5614 30.2622
1.5618 30.2622
1.5590 30.2622
1.5582 30.2622
1.5646 30.2622
1.5590 30.2622
1.5620 30.2622
1.5601 30.2622
1.5574 30.2622
1.5669 30.2622
1.5667 30.2622
1.5633 30.2622
1.5646 30.2622
1.5661 30.2622
1.5639 30.2622
1.5568 30.2622
1.5626 30.2622
1.5573 30.2622
1.5636 30.2622
1.5666 30.2622
1.5556 30.2622
1.5667 30.2622
1.5558 30.2622
1.5608 30.2622
1.5567 30.2622
1.5595 30.2622
1.5633 30.2622
1.5660 30.2622
1.5669 30.2622
1.5559 30.2622
1.5587 30.2622
1.5571 30.2622
1.5619 30.2622
1.5659 30.2622
1.5604 30.2622
1.5611 30.2622
1.5620 30.2622
1.5566 30.2622
1.5590 30.2622
1.5557 30.2622
1.5610 30.2622
1.5625 30.2622
1.5667 30.2622
1.5550 30.2622
1.5571 30.2622
1.5658 30.2622
1.5629 30.2622
1.5601 30.2622
1.5622 30.2622
1.5641 30.2622
1.5558 30.2622
1.5556 30.2622
1.5565 30.2622
1.5665 30.2622
1.5606 30.2622
1.5572 30.2622
1.5585 30.2622
1.5579 30.2622
1.5564 30.2622
1.5549 30.2622
1.5609 30.2622
1.5641 30.2622
1.5641 30.2622
1.5554 30.2622
1.5550 30.2622
1.5664 30.2622
1.5666 30.2622
1.5647 30.2622
1.5548 30.2622
1.5622 30.2622
1.5646 30.2622
1.5666 30.2622
1.5588 30.2622
1.5575 30.2622
1.5573 30.2622
1.5664 30.2622
1.5552 30.2622
1.5610 30.2622
1.5636 30.2622
1.5560 30.2622
1.5606 30.2622
1.5577 30.2622
1.5626 30.2622
1.5593 30.2622
1.5573 30.2622
1.5596 30.2622
1.5639 30.2622
1.5646 30.2622
1.5601 30.2622
1.5668 30.2622
1.5590 30.2622
1.5579 30.2622
1.5662 30.2622
1.5636 30.2622
1.5620 30.2622
1.5659 30.2622
1.5598 30.2622
1.5623 30.2622
1.5573 30.2622
1.5654 30.2622
1.5668 30.2622
1.5551 30.2622
1.5647 30.2622
1.5572 30.2622
1.5572 30.2622
1.5600 30.2622
1.5610 30.2622
1.5563 30.2622
1.5645 30.2622
1.5609 30.2622
1.5598 30.2622
1.5634 30.2622
1.5636 30.2622
1.5558 30.2622
1.5584 30.2622
1.5632 30.2622
1.5618 30.2622
1.5568 30.2622
1.5593 30.2622
1.5644 30.2622
1.5617 30.2622
1.5623 30.2622
1.5629 30.2622
1.5582 30.2622
1.5591 30.2622
1.5592 30.2622
1.5557 30.2622
1.5588 30.2622
1.5643 30.2622
1.5660 30.2622
1.5668 30.2622
1.5640 30.2622
1.5633 30.2622
1.5629 30.2622
1.5662 30.2622
1.5626 30.2622
1.5632 30.2622
1.5570 30.2622
1.5580 30.2622
1.5595 30.2622
1.5604 30.2622
1.5603 30.2622
1.5582 30.2622
1.5599 30.2622
1.5593 30.2622
1.5601 30.2622
1.5603 30.2622
1.5669 30.2622
1.5562 30.2622
1.5554 30.2622
1.5604 30.2622
1.5638 30.2622
1.5569 30.2622
1.5668 30.2622
1.5628 30.2622
1.5623 30.2622
1.5595 30.2622
1.5629 30.2622
1.5583 30.2622
1.5569 30.2622
1.5580 30.2622
1.5625 30.2622
1.5654 30.2622
1.5593 30.2622
1.5563 30.2622
1.5631 30.2622
1.5588 30.2622
1.5614 30.2622
1.5594 30.2622
1.5597 30.2622
1.5559 30.2622
1.5602 30.2622
1.5602 30.2622
1.5564 30.2622
1.5638 30.2622
1.5588 30.2622
1.5644 30.2622
1.5576 30.2622
1.5620 30.2622
1.5664 30.2622
1.5670 30.2622
1.5590 30.2622
1.5598 30.2622
1.5557 30.2622
1.5670 30.2622
1.5670 30.2622
1.5670 30.2622
1.5670 30.2622
1.5622 30.2622
1.5668 30.2622
1.5600 30.2622
1.5634 30.2622
1.5660 30.2622
1.5631 30.2622
1.5653 30.2622
1.5571 30.2622
1.5667 30.2622
1.5556 30.2622
1.5662 30.2622
1.5575 30.2622
1.5623 30.2622
1.5665 30.2622
1.5616 30.2622
1.5601 30.2622
1.5610 30.2622
1.5624 30.2622
1.5667 30.2622
1.5554 30.2622
1.5554 30.2622
1.5635 30.2622
1.5636 30.2622
1.5633 30.2622
1.5571 30.2622
1.5594 30.2622
1.5625 30.2622
1.5600 30.2622
1.5591 30.2622
1.5568 30.2622
1.5588 30.2622
1.5665 30.2622
1.5606 30.2622
1.5666 30.2622
1.5619 30.2622
1.5642 30.2622
1.5558 30.2622
1.5641 30.2622
1.5602 30.2622
1.5563 30.2622
1.5550 30.2622
1.5665 30.2622
1.5603 30.2622
1.5625 30.2622
1.5633 30.2622
1.5633 30.2622
1.5627 30.2622
1.5603 30.2622
1.5559 30.2622
1.5662 30.2622
1.5589 30.2622
1.5665 30.2622
1.5638 30.2622
1.5569 30.2622
1.5628 30.2622
1.5563 30.2622
