7
2371
1169
2010
239
201
3798
256
4737
4431
965
1682
1944
781
287
834
2009
1230
445
225
2364
3488
4688
1186
4485
4040
1599
3942
772
3336
2317
1454
1498
4513
3862
1518
3528
622
1969
653
4286
4896
442
1448
2871
206
3585
4187
349
2345
749
3603
67
90
394
1194
2238
733
3886
2059
457
2081
4871
1750
864
4009
3074
3593
113
633
223
1294
2034
59
3161
4273
1439
2646
85
2534
1308
1554
2671
3043
2631
2813
2650
89
978
4322
1494
3908
1120
689
1077
2579
1034
1429
3304
3175
3226
695
48
4302
4032
2007
3035
4651
3394
133
2027
717
4815
812
396
4282
1797
4238
134
1804
3685
2962
3911
3256
3795
531
959
2557
1893
2792
1879
2860
431
2219
3450
2956
40
2277
4606
1620
2014
3370
3945
4233
2439
4304
406
2172
1329
1677
1946
4132
2299
1830
3322
1517
3969
151
1782
1674
1264
4161
450
1030
602
237
3748
4605
534
912
387
3723
2319
3044
249
3997
1253
1192
138
3209
3463
2199
2475
4787
4616
2257
4375
1049
467
2881
2768
3691
2002
1259
4092
648
2872
3050
2017
3899
1823
2918
4380
3616
1312
1924
3316
3345
215
4053
3732
4207
1701
4635
1890
1671
2148
3409
2012
4448
2374
4301
1814
2821
4084
1406
4954
826
3225
642
1523
1334
925
2
738
2070
913
3026
2972
2350
3251
563
949
1937
923
3889
557
3828
4770
3233
2562
2028
1679
4727
4384
4750
1463
4215
3262
1367
1190
3990
1111
51
737
4762
3401
838
4543
1380
2541
4706
3639
3516
4570
685
3318
156
3127
4919
3155
1607
259
1193
3284
1537
782
3279
403
3857
2530
1170
3299
3910
3327
4478
3287
4827
1577
1197
1975
1106
1139
4926
1012
3831
3576
1499
1189
4347
1604
1462
4526
1656
3052
1584
2171
1765
990
4197
3684
1570
3341
1226
1561
4073
3303
200
3856
1669
2851
1041
4868
177
2276
1871
2783
3900
2970
1425
3812
1207
2594
4272
380
4108
3738
2408
3059
3216
1160
3996
2592
4757
1697
1867
3839
128
121
4718
4489
4812
641
3923
2518
458
2215
4582
1538
3113
3355
3920
3244
4810
595
675
1522
1347
2814
52
1495
2604
4119
1724
4461
2756
3353
4395
4709
1708
983
3708
4330
589
3423
2003
1482
326
2380
1473
4710
2126
4447
2914
1824
1504
385
2571
1640
2095
2759
1553
4212
400
4410
1003
4155
2365
2035
366
702
3061
4921
1827
4122
715
2842
805
3832
1251
3298
290
906
4760
4488
77
794
3757
2909
4106
310
2155
3815
3077
3415
2766
69
1844
3396
1838
3773
2641
4948
2153
2578
3802
404
726
2119
3334
3905
1541
1951
661
2574
2442
3357
3854
4376
3837
4457
4741
106
487
1988
3661
2922
3359
372
4230
4620
4612
3993
1945
152
4284
3398
2471
3005
1125
1446
2939
1099
3397
194
1895
3376
3880
4276
3274
4459
1713
2291
718
2825
2549
2493
3425
1420
3217
2820
3448
2326
4822
3428
3008
1513
2479
1007
3323
2147
1047
2174
4906
3001
4717
4772
4349
1281
170
2615
2079
2547
1683
2271
3961
4883
4396
4685
1394
1941
2197
4
3164
1150
4283
1700
3968
2668
501
2712
2640
4316
3358
495
2136
4697
1431
4786
4683
4427
3230
2024
5
4967
2045
4477
3131
3278
4065
1018
564
1835
4687
528
806
2979
4071
1721
4529
2266
1939
2852
3365
1597
1704
3552
952
2457
3122
3638
98
2086
3991
2038
2684
425
679
3734
829
2162
4988
3700
4802
862
4060
3154
588
1829
2798
2182
2620
987
3627
391
4364
4209
3840
3553
2166
1401
2094
2647
273
1039
4166
4755
2088
4577
932
297
722
3985
4850
4856
956
4137
4980
399
1549
1087
2273
3456
192
4421
3374
1050
2436
2202
1461
1284
1592
3260
520
4379
2834
254
3650
766
705
569
1996
2263
2757
2984
1759
2412
2550
2021
2036
1191
4549
1881
4498
1771
1614
4878
576
2198
768
511
2041
23
208
3145
3070
4408
466
1164
1744
2062
2482
379
2399
1627
2667
3237
3629
1636
263
3179
1061
2501
242
2536
4174
3715
3219
417
475
2443
3338
157
1635
1045
3102
1269
3236
3519
4062
3565
4190
1507
2124
1426
2390
1052
2306
1433
4648
1846
1163
4749
428
470
2952
463
4876
61
2066
3378
1694
2598
1346
2824
2538
2434
1950
635
587
2435
2850
4290
2235
4803
3012
774
3383
4723
865
2955
3604
1101
3611
1472
2118
75
4867
4640
3676
235
4791
3826
324
586
2987
2089
1035
4545
3864
2744
3797
2188
3339
662
4278
2196
2754
3526
3224
3855
4258
1108
3231
1998
124
2720
477
2832
2635
3987
3834
4088
3775
2217
1134
2269
4897
3551
209
2787
4592
2033
1422
4442
2735
2907
1710
2325
696
4920
3679
2637
1876
1720
2719
3766
4895
1882
3706
323
3689
1954
1200
4624
1521
1575
652
3366
1698
807
2184
1488
1355
3922
3446
895
3830
4604
518
3491
1065
1887
301
4615
4689
3112
1244
4758
3321
4002
3081
3408
1144
4105
970
535
1055
204
346
4874
4210
670
1585
24
2422
2758
575
307
1209
1786
2429
1816
3467
3974
1387
4947
2107
4446
1914
3100
353
1833
39
1784
706
2256
187
2368
1375
736
917
1919
4611
4769
2468
621
1774
3300
898
1013
3148
3622
3559
775
1297
1985
3470
4025
3329
3979
2847
979
3312
3958
439
1926
2056
1872
1088
1064
4734
1790
4341
4752
4270
4368
11
968
4580
1726
137
2154
2526
381
460
4740
1891
3765
331
4473
2357
3571
34
405
1263
3273
500
2209
571
1490
2976
3962
1898
3101
2892
4178
1817
4813
2815
2603
2329
3115
1610
605
1902
2525
418
3792
3746
451
20
1033
1812
808
853
1112
3671
547
3989
1071
1299
236
3598
1748
4801
3871
867
2157
3042
4534
3335
2445
2152
2542
1458
900
1900
1544
2177
3194
4767
4184
4208
3946
3182
1796
3606
1067
4940
1258
3362
4483
4936
4378
1754
4910
1445
4814
3724
4198
3564
3021
4997
4555
3420
1146
3620
4411
4468
2816
4391
4235
3197
1302
1959
795
1225
750
2760
2785
2367
3914
1605
2265
1594
4026
1935
1662
3643
2685
3073
1328
2249
3189
26
1503
3701
3165
4450
433
4870
3258
1215
616
618
2433
328
2222
2321
3088
2736
3696
1248
2738
2694
3763
4989
2224
1623
2613
479
1054
4838
1514
607
4914
1963
920
3377
2330
3778
2811
3879
3305
1755
4821
392
4182
493
2020
2065
4795
3888
2115
1973
462
1709
4047
4930
4323
2206
4798
3626
888
2926
1593
4602
2333
1237
3421
2221
4664
4076
892
3645
22
2873
4904
4512
1484
3931
3909
773
4873
4433
3269
4578
4931
3690
3462
224
471
3932
657
2643
4234
4251
3808
2722
1587
455
3582
4739
3819
1588
2438
2995
2622
1519
3640
3143
2212
3402
3586
1151
264
2823
935
14
4112
3404
2453
3451
3414
427
559
1918
3487
3263
2026
3371
893
484
1590
250
1619
3190
1733
1884
3873
4377
1612
2662
2856
4176
335
3521
4240
31
1306
4675
4471
4588
4544
4066
3511
3429
3295
2381
3675
4956
4245
3160
4151
1791
373
2523
4669
1746
1675
295
2018
3523
3240
4044
4148
1261
4264
1743
1405
1932
2799
851
4180
1185
1539
4548
1655
1043
3852
4213
3699
4508
4318
709
4974
1663
3471
4806
4093
2803
80
1873
2448
1340
2385
4409
1378
1148
178
35
3443
4924
796
4614
265
2084
4869
305
334
3562
855
4096
2611
629
4403
3799
3794
2605
4861
3416
4944
545
3294
3411
840
4413
4556
47
1589
3728
1167
822
1319
2761
3384
3029
2884
4945
4899
4147
3658
4619
1769
1196
2734
4048
364
131
1583
2674
1931
459
3203
4642
4211
1213
4756
4117
2584
3692
4598
193
4339
2310
3883
1195
1787
4538
2773
3522
1432
4654
562
3255
345
4074
1530
4716
4574
169
4402
4643
2499
3939
3017
2567
3504
4390
2636
415
2715
690
841
4982
3249
1768
4329
91
4599
4819
3024
1512
4971
672
390
2465
2204
2410
549
2383
289
3971
2146
1386
4288
1198
2170
4987
1739
96
4562
3762
2294
122
3264
4774
3373
1685
1354
1664
2072
3356
432
4153
2809
2589
2692
1719
142
785
3257
4249
1212
2776
3097
2551
2363
4721
3018
18
2517
3234
3063
2989
2080
2047
953
884
3618
4024
4013
4626
4881
984
2895
1117
1343
386
252
437
1995
4337
2032
4226
3348
2779
288
4927
4909
4847
1845
1016
1086
3056
4629
159
2112
4436
1342
2156
279
3882
1361
3527
1773
2311
292
3141
1424
3568
1547
401
3180
2708
4083
930
231
4496
1418
3483
2057
4296
3733
1981
4660
2185
1613
1174
757
1832
908
1757
1453
4742
3836
4991
996
1243
38
2190
3069
4430
3076
1377
4554
240
1250
1254
593
25
1060
4458
3080
4773
1770
4916
2863
3970
4089
2474
4902
1040
2013
3132
739
234
2874
3360
2919
4041
1666
4525
2117
4652
1403
2954
1992
2838
2689
4882
4010
1201
4994
1298
36
4782
3147
4030
1171
2137
2413
3174
963
1102
33
2272
1742
2633
3729
2728
1456
793
3949
3025
3388
1443
4231
1806
980
4202
1526
523
2187
1702
1051
4848
2459
3943
1506
1497
2827
1132
172
582
1807
1639
3048
1781
1533
3514
640
3082
2522
1802
4342
2717
2430
1877
3390
1166
880
1860
3087
1455
2093
526
2973
1633
1580
229
1396
70
1368
1766
703
3119
3128
2262
2189
2975
852
4729
684
308
1477
3311
2053
503
283
472
2301
4152
3555
3211
4386
928
1836
205
4837
3286
1665
2417
2875
6
1447
4726
3721
3915
1173
1649
2425
4188
4966
1629
2943
3457
2192
2205
2775
1359
2461
3588
1011
1888
3480
3688
4195
2515
1692
2063
4023
3436
3072
3438
2372
758
2994
3578
4173
4905
4050
4575
1442
2128
2287
2116
2496
2255
3440
3431
4494
4972
4662
1896
2228
2200
1138
3509
2782
448
4160
4261
745
4443
2405
4353
3668
525
3151
2764
3301
1905
368
1582
3536
2239
4765
1241
2591
2191
1487
3125
255
972
1415
2108
849
3600
3171
4998
1767
1520
1601
2340
4939
4542
2930
1974
4293
419
4955
1303
2241
4950
4649
2111
1837
863
4150
3054
2186
1761
3442
2880
1923
1430
2840
3745
3876
2419
3825
4934
524
4222
2051
456
1652
1457
1121
4932
803
485
4807
1118
268
4504
3498
3326
4263
1084
2510
1516
4834
3666
4735
3563
371
3167
3501
2770
1158
2971
2242
2393
2902
2006
281
3460
3957
797
4992
2618
2470
3046
1638
1434
1469
483
3579
2472
4969
435
3777
4313
1273
84
2143
3853
3716
3083
2251
1364
4511
1758
1622
343
2583
2958
4437
902
815
3813
4005
422
4610
3392
3944
244
631
423
2449
4308
2164
2237
889
664
3874
333
3310
2791
1686
2288
1267
611
2950
4692
4072
4434
4228
4519
4818
474
1535
3560
2982
1413
2888
1598
1515
3615
3902
3472
1287
207
3810
3330
3697
1903
4445
4171
639
4460
4043
1942
4627
2806
3720
3572
481
4291
1822
3533
1571
3881
4831
468
976
2427
3567
854
4007
4521
1659
4824
1562
552
1240
3075
4463
1502
2349
3805
2451
1841
1063
3499
2150
3328
4557
4444
1421
397
4677
1714
2246
1897
1058
4968
4022
4111
3621
4495
2507
4771
3200
2370
2923
4300
2897
885
2966
496
4566
2487
4031
716
4243
2135
3466
638
4908
3543
2829
3878
521
4587
3847
211
4479
1532
4833
3486
2025
1436
1955
1962
2323
4080
210
1798
860
226
4722
2395
2506
723
2743
667
3630
4942
220
682
910
125
2140
2248
1082
4655
4244
4502
4979
3142
165
1444
2545
937
490
513
4133
4218
1650
4553
2320
2558
4783
3163
4983
2587
896
4033
939
2942
2853
1304
4781
2467
2810
3497
3027
4889
2554
4694
1124
2428
2929
1651
1219
2389
4915
1075
4527
3656
994
2669
3248
2729
3418
966
3707
4144
2008
4809
32
4636
1282
202
2181
1156
3612
3430
3581
2704
1105
919
4079
2497
1183
1020
3520
2307
3002
4141
572
3340
1657
2414
3407
3898
3229
3003
4820
3014
850
1546
2382
4348
4976
2751
2048
2629
1916
816
3432
4500
748
2731
2386
940
2233
3538
4533
2092
4569
4146
1353
995
2686
3963
4416
4638
506
2376
1165
1408
2302
1913
1789
4267
270
3041
2327
620
1172
2747
2343
4064
161
2537
4113
2698
4941
1391
3285
3306
2023
2054
4840
3722
986
3033
53
1849
1859
76
3099
3000
3744
2104
1711
4429
3743
2837
2721
665
2879
2091
915
2555
4035
613
2913
1044
4690
649
3045
1053
4039
43
1395
3453
973
4220
492
1090
4510
3118
2935
2649
291
4426
3108
271
4644
3841
1857
580
1089
421
1309
1449
2876
4918
1068
3875
1452
3703
762
3137
1999
2771
2688
3138
4262
4890
2292
4393
1048
4845
2933
4320
424
4102
929
2218
989
143
2298
5000
3760
469
4696
4067
2586
3935
2905
769
2483
4585
1892
2268
4996
3093
4125
943
1496
2486
646
1400
2947
3412
413
2113
3713
2505
3823
4565
2988
3726
2836
3693
4326
2232
617
4063
2904
1505
247
420
951
444
1317
2416
2951
2581
2230
1947
3999
998
3761
1527
3413
246
1233
2464
147
4597
566
1142
1440
3114
1
3822
4456
3769
4901
3764
3605
4159
2601
3191
4299
1218
938
3266
4216
1149
1730
130
63
1735
1511
4663
1465
4628
3602
1834
1310
2726
728
3505
4641
729
4057
1618
1953
4196
4623
2341
2305
2953
4701
494
4875
1552
1625
4670
4728
4255
1776
2903
1349
3494
3846
1333
817
3314
3325
4373
4746
320
2573
1476
4691
2495
3599
4324
1255
3121
2521
4775
3925
2431
3753
3664
2630
377
4338
3422
2532
3238
2254
4045
4759
4319
2599
2878
4418
3058
508
1560
1338
2352
1130
1906
293
4661
711
2061
4058
3844
1647
1868
4140
1699
1238
4004
319
4015
4730
3139
3382
68
830
1438
2867
4099
954
811
352
269
2279
1878
4593
230
3242
4853
3184
1345
3309
3282
2569
3465
4532
3601
1005
720
3013
4029
115
2211
3510
3776
2300
3068
4269
3192
4369
1372
3730
1634
2901
4253
698
1009
4964
2308
1917
669
1979
4530
1216
4747
3400
2163
195
2857
604
3591
1026
761
4382
3821
2626
1320
4963
2369
2701
1370
27
3464
727
144
731
1323
1628
1188
416
4090
4891
1100
4185
2391
3350
60
2303
3135
1616
1637
1936
4425
2245
4455
1220
4788
4600
4169
721
4725
2828
2755
112
4590
4223
1109
4354
623
780
674
4407
724
4780
1072
3030
1227
1412
1741
2561
3469
185
389
2366
2284
374
4439
3221
3682
13
123
4082
4405
1630
1970
1246
376
1536
610
643
100
480
4745
719
3347
2948
3817
1291
1382
1631
1803
4858
2960
2697
4120
3636
1729
3653
2346
3272
2916
4631
1788
4334
2826
3495
658
3917
1371
2600
3092
958
64
1214
2539
83
1300
558
654
516
1984
4086
597
3704
1728
3530
2795
1313
1718
2705
486
388
2466
1617
4832
49
964
4321
3782
4785
1840
1752
3628
1581
212
173
4077
3123
1295
876
4259
2937
659
3241
10
1211
574
790
1029
3
3479
1265
671
1321
1135
707
4038
2151
1411
4370
3783
2318
3814
3169
4266
2071
4191
316
4453
3245
4501
4633
1085
3842
2060
2624
2725
1911
3129
941
196
233
3546
4981
2741
3731
4518
3597
3437
3995
579
3288
843
1285
3694
3557
4467
4826
4777
3809
3686
118
1815
3109
2481
4929
4586
3007
502
2504
476
1176
1006
3583
197
4894
692
1407
2058
2175
4271
2899
1358
3755
2289
2746
2339
155
859
2105
1531
382
2855
1031
4546
4679
2203
306
4584
3034
3550
1901
2959
4700
37
4523
1481
384
2418
1555
708
1393
2216
624
339
734
4637
2511
4656
4659
3747
4217
4686
182
2042
3901
2313
927
3020
2180
2274
2450
1390
2478
2513
318
2597
3019
3941
4081
1252
3988
4958
1606
3252
1928
1350
395
4857
809
1205
1206
4748
285
1154
634
4306
3496
823
4790
4205
2225
1808
340
1305
4564
2737
1379
755
3642
2866
2324
245
29
4037
3028
3998
594
276
2098
2441
839
3473
909
4317
2839
2195
3930
2351
4361
1307
4163
1423
4754
378
238
2355
4203
1239
2252
4888
3672
3111
2749
1745
2585
2392
3868
975
1362
1929
79
1894
3317
2938
1155
3513
1161
2559
4999
1388
4486
2297
3894
4539
4237
2652
4098
2005
3781
1500
1283
3609
3904
9
499
2296
4885
3210
17
2073
827
3331
1993
4923
3741
3596
4225
686
598
4524
2361
3940
1427
3204
2029
4497
543
3751
831
3687
3742
176
199
441
2484
2316
3683
1524
4866
1543
1565
3928
2566
2423
3187
149
2473
3239
139
1501
4568
4401
1184
836
1286
2309
4085
191
4385
1113
1046
2387
1152
4175
3549
4360
3982
3502
3893
1410
789
3532
2793
2718
3065
3228
4860
3740
740
4246
505
1874
2733
2001
4068
1199
216
1232
3859
4344
3711
2342
1098
847
2997
2864
344
2055
3455
3302
398
1866
3320
4124
1858
4522
1179
553
1010
2563
3547
2283
2695
3665
261
2917
4844
148
4116
788
1920
2454
810
3168
1399
1801
4864
1339
4451
1957
2480
4583
1383
1550
3614
1450
3796
4289
1865
1828
440
1262
4852
3324
1747
2407
4465
4415
955
3232
1763
4961
4019
114
2945
544
4792
1352
3086
2628
3850
109
1129
1459
4517
2957
1360
3379
2548
4440
3031
3838
3419
3057
3281
1831
2887
4172
3227
363
873
3022
3477
162
842
473
701
4632
1971
1365
1715
1910
3146
2264
101
771
3966
1062
1545
1556
145
2644
57
3261
4454
688
713
1097
4177
44
1706
4695
3681
4804
2378
2639
904
1615
3651
2896
4355
2934
4107
4823
901
651
3964
934
438
71
2531
3717
3632
2085
3107
4995
2159
54
3475
2621
1966
2780
4621
4509
3172
1275
2314
1464
1909
4011
3712
647
2280
931
4491
4248
3512
2936
1654
890
78
4006
819
56
1366
4541
2328
3159
2353
4540
4367
4404
3537
3718
539
4528
916
1381
3391
2304
2596
1235
4665
4362
2819
4672
600
1478
4127
2503
2711
2607
1542
3807
3617
2514
3150
2109
3983
3277
4965
603
1540
2160
992
3758
870
1977
1187
3851
1609
2168
1128
362
3725
3094
971
877
4298
2915
2402
914
1079
2709
2818
555
3315
3739
1274
325
488
3047
2617
73
577
4841
2963
1707
1384
3381
732
1397
1705
1480
3140
2700
313
4768
350
578
3037
4118
4069
1137
1695
4634
1596
1468
213
632
3040
4247
3577
4666
3181
3698
3967
779
730
4236
2912
1083
3540
921
1908
4550
2666
1236
3631
2778
28
166
2949
74
153
2336
960
1626
1107
4828
3134
50
3595
1579
2841
3372
1680
4846
2424
4490
253
2011
2528
4070
3556
1324
3173
687
3916
260
601
691
2406
1002
322
2699
4960
3205
4374
1508
347
537
3459
2491
3709
1292
3848
1989
4087
4928
1126
2817
656
446
2259
4903
4900
2519
1848
894
358
4993
2138
4387
4613
4104
3507
4506
4128
800
741
3049
2862
2998
924
4673
2455
1326
759
2403
786
3952
4194
2696
181
3444
3342
3633
2859
1938
4351
1168
1602
3877
4277
3727
1716
2489
4708
4397
175
4419
1510
110
619
2512
918
4859
2889
2619
1288
3780
2707
2477
509
3006
712
2282
2082
97
3646
2796
2344
4365
1528
4625
8
1965
3767
4164
3804
2261
1632
3492
530
4192
3213
4135
2890
4937
94
3105
1904
1416
1210
1653
4121
2220
3524
186
4091
1019
4114
2068
2797
461
947
681
4681
1074
1600
2924
4797
2580
3608
3785
298
383
1889
2375
12
4842
3756
1813
2969
2681
3452
4571
2444
108
3062
2977
1558
4432
957
4715
4946
189
3214
3170
4274
824
3517
2777
2030
3235
2516
767
2981
663
4799
4978
3779
1059
3157
1576
2572
4713
590
3038
1092
4227
2226
2577
1991
1668
4279
551
2835
4622
2546
95
4650
3573
2634
327
4232
160
2131
3544
4959
4051
2165
1491
16
2040
4970
3592
3980
3771
4406
2928
3162
3788
3515
267
2142
87
3337
66
465
2891
1327
241
899
1143
1376
2802
286
4346
1203
2854
3610
871
4372
4753
3824
1825
4394
3702
453
2932
1756
2440
409
3594
454
2315
1732
2921
3193
1793
3811
2772
3921
3291
3956
2861
2812
950
1351
2286
3202
4589
1658
4854
3343
1036
1223
3624
4200
3938
3784
1875
4817
3669
2843
1000
3937
541
2683
258
4221
4520
1095
2099
2004
3474
4350
802
1982
1810
874
3188
497
1960
3478
1820
3367
2894
765
2993
2632
1311
821
3566
1943
1409
747
3441
3865
3091
1559
4357
2670
3584
4388
4776
86
3907
3518
4898
905
4327
3053
3346
3887
4193
2898
359
655
3270
944
4059
4531
1641
4733
1624
1922
4115
529
3835
1608
2801
725
1595
4257
2397
4492
4514
3662
4229
3574
2490
4990
4552
330
3454
4179
4953
4743
627
4515
2015
2794
1278
4307
977
478
2781
1021
837
1964
3736
4703
4711
4835
2575
1385
2260
2039
522
2710
3268
845
3570
4280
4475
304
4206
1529
3866
3670
1492
436
1760
4001
630
4558
1574
3136
2678
3954
2765
4241
2653
2645
3759
615
228
2452
514
2858
982
1471
1373
3089
1479
3860
4363
2568
4462
1110
3156
4170
4340
4879
3710
3503
4012
4658
3924
248
1737
42
1762
4008
645
1290
4560
2145
974
2031
1280
1141
4573
365
4162
2290
1688
15
1341
2920
1022
2149
4335
2753
2110
2121
1952
1356
1231
3986
4877
2377
360
4766
3085
1332
2612
4239
3195
4414
4591
3754
2250
3508
3936
430
4949
2651
1270
370
4865
668
1296
4596
673
4325
3271
4310
1228
3891
3655
4331
2967
282
4676
129
4561
1289
4400
3055
2456
4487
489
4214
1451
2208
1847
4138
2078
751
2552
302
1093
2616
4816
2614
2908
1568
2974
4884
4789
3933
3032
948
4297
3976
150
174
4028
3870
2885
946
3652
314
3531
2659
2420
3011
3803
3677
3447
2906
3885
1208
848
1357
2786
1912
3793
3399
625
693
3410
1648
4017
3071
626
120
1229
1133
4003
4256
2458
3222
1853
1008
887
752
3149
1293
3253
65
1221
2210
4851
4484
3096
2194
967
338
1852
2400
277
1435
614
4359
3104
2544
612
1389
3951
3845
127
3749
609
3158
2201
4311
355
2334
2141
4744
2978
2946
1863
2384
4516
1080
3918
4474
2176
4398
1690
2964
2788
1177
2657
183
3259
3275
3426
1751
4480
2996
2833
1268
262
742
2227
2992
2784
4973
2610
2037
4872
3267
2732
4862
4199
2560
4507
3039
560
1681
4829
3575
4493
3903
4693
2050
4101
452
2808
1374
3015
4134
2129
2762
4281
4763
4061
3663
4699
3529
4601
2379
4356
4097
3254
1486
393
3534
4893
561
4977
2101
141
2295
4572
2087
4653
2130
1414
278
1336
4201
1930
2358
2388
1466
3166
2927
140
1162
872
275
897
4021
988
1467
3354
4684
2114
886
2672
3947
2849
3405
126
111
4567
3016
2675
3130
556
2335
180
4579
2075
1644
2500
3950
164
2312
1224
3220
337
735
1260
1127
2179
991
1178
4639
3613
4345
2125
4224
3468
1799
3051
2774
2910
4476
482
232
858
942
3493
4366
1851
4800
2679
4925
694
1271
1864
3375
2097
3558
4158
3590
412
443
2822
2931
4849
1509
3289
3218
3344
743
2169
592
1856
1217
1753
3476
3144
3152
1949
1485
3427
2253
4219
881
2870
2362
2144
4537
251
3884
4123
407
2275
2044
45
1015
214
4778
4168
1968
536
2588
3485
581
4343
3246
857
4126
4482
3959
3912
3965
2193
356
3380
2426
599
4018
4268
754
2236
2348
2868
410
2447
3482
510
2789
1717
1069
72
2677
3385
2183
336
2748
2161
4779
2739
4424
3280
2642
3349
3569
3772
4358
4907
1712
1428
4328
1986
2446
778
4499
2524
2540
3369
4034
3296
3674
4154
3333
1572
1157
1027
3208
2609
1115
4014
1057
1731
2462
3196
3789
3644
1437
4917
2980
683
92
3654
2724
3541
1525
2520
1331
2207
820
104
3106
4913
818
2158
565
962
792
1725
2498
3897
2660
2706
2944
4503
2337
1642
1850
4887
3199
801
3787
2687
1738
221
3489
903
3867
4075
3313
2359
1489
1001
2485
4720
2243
4052
4938
2723
1862
1460
3548
4922
55
4892
2648
3816
4303
784
945
997
1661
2127
4682
3927
1122
3176
4312
3981
4145
58
4131
1256
763
4712
4732
1772
4595
2886
3623
844
341
3036
1096
3283
1322
981
309
2900
1369
4617
4535
4951
3714
861
1987
4049
2076
1978
3843
3095
414
4738
3110
1870
882
2790
4646
3896
2494
3737
2767
4702
3872
2394
1722
2805
798
832
3103
99
4027
776
4189
697
3090
321
538
146
3207
3975
4671
117
3078
3098
2690
4332
4719
1687
813
3212
4314
3395
3481
2103
1119
2543
3625
3133
4985
4547
3387
464
1363
1821
4260
2401
2846
4383
3680
2293
4309
4181
1818
791
1779
3619
1402
1672
4731
1886
4736
4581
3973
1181
833
4265
3960
753
1842
3120
783
1325
3116
2049
3060
1861
19
3500
2673
3926
361
296
4417
3934
2354
2133
4805
1880
119
1131
2844
243
4167
81
3250
3587
2940
3406
1792
660
546
756
3433
3913
3545
1925
3890
922
184
2046
760
3084
1441
999
1277
2278
4423
2727
2941
4704
814
2338
4103
517
3774
1778
1907
1548
2123
2763
2258
1667
1736
4110
636
3010
4129
512
3919
2492
491
3066
4412
1272
4843
4000
1123
554
4392
2331
4794
2691
583
2083
2663
2134
4836
266
3892
4668
2067
272
4435
3386
573
2608
4275
4352
1114
1997
1805
351
1566
4714
429
1643
3719
3833
2986
869
4505
402
3434
1028
1017
3635
2556
710
4095
4100
447
4839
3368
3953
584
1673
4472
1660
1175
4607
190
2664
103
2602
154
3247
2173
2421
4808
3297
1921
2869
2223
4250
519
770
746
4962
3319
2106
3292
4563
2865
2533
2240
3206
3647
257
4751
317
375
969
3829
2570
1315
163
3124
591
3539
504
3806
1645
1159
2508
4536
527
1749
2100
4470
1066
596
1723
2415
3079
3768
2845
3332
3735
3352
2582
835
2347
1994
449
2830
866
3243
1202
2102
1038
777
4143
367
2322
4428
4863
4452
3293
2991
2270
1470
4618
2463
1042
4943
2052
1727
1337
3389
4381
4422
3800
4933
1318
1153
4287
1678
1934
2576
2214
3992
2883
3589
961
4984
1103
2000
2750
3361
856
1070
4608
332
2804
548
1961
1417
4811
3695
408
329
1983
3276
4242
3183
2769
179
2432
3307
3458
1990
1348
1777
4707
2178
1534
4056
62
2807
4481
678
1740
4825
787
4186
2090
1691
107
82
744
628
93
1569
1967
1785
608
1147
2120
3554
4139
1795
132
1335
4165
4294
3984
846
4254
1222
3977
3929
1025
4764
3506
3484
1573
3786
1670
4912
1204
2595
3004
4046
3351
3067
680
1023
4333
311
2745
136
4016
2702
1257
354
4957
1927
4130
2655
3542
88
3659
3417
2488
1032
704
1933
3178
2398
550
1392
434
4020
4469
4559
515
1800
2016
4667
993
4336
3705
315
2716
1854
2229
135
2658
168
804
1783
700
1869
3770
868
4183
4157
2460
933
2396
1621
2965
2968
676
1557
4466
1344
1073
2961
1603
3648
3752
4855
227
540
799
3461
1843
3820
764
2332
342
1839
4657
1703
878
3363
2476
3117
280
2527
2606
1976
1684
2509
1249
828
3895
4830
4295
369
879
1676
2985
105
875
3490
4315
4796
21
3637
3265
2360
891
650
3649
1826
3978
1956
1591
4645
533
1809
1314
3827
217
1094
606
284
2911
3435
3994
3849
1474
4886
1330
3580
1780
1037
300
2999
2752
2244
299
312
2882
203
3657
1693
2502
637
2077
3791
1247
4149
3863
3660
4594
2074
825
4678
985
4094
1578
3673
1014
4449
2627
2680
4609
2665
2990
1899
3308
2693
4371
1734
1948
1104
1056
3393
2625
3861
1276
222
2656
3818
4438
567
1404
3948
2623
2983
2877
4285
1611
1024
4630
2831
1116
1316
46
3607
3023
507
907
2231
1972
3667
3678
4292
2730
218
2411
677
2535
2132
644
1689
2373
3445
2590
2167
3449
3186
4911
2565
1140
4042
1855
102
4952
1234
2638
4576
1266
2740
2661
2096
4705
188
1419
171
411
1811
714
4603
1915
3750
1004
167
2139
4399
2925
3869
3801
274
4389
3906
4674
4784
4441
3177
2529
1301
4078
2022
1980
2356
2713
4975
4252
2848
3561
1646
1081
4109
4036
2404
3641
3790
3525
1940
2437
1242
1182
699
1136
2553
2019
116
3198
666
4142
426
2714
1563
2742
568
3223
4054
2267
532
2234
1819
219
2800
348
4055
1567
2682
1078
3126
2064
4204
3439
1958
3364
4136
2409
4793
4464
2069
3955
1551
4986
1076
2122
926
2593
4935
1794
4698
30
1696
1564
303
3403
585
1279
542
4724
3290
883
2564
911
2469
1885
4420
1764
1245
2654
2703
1883
3424
2247
4647
1475
2893
41
1145
3535
3215
3858
1493
4305
1586
2281
158
4551
3634
2676
2213
3009
3201
4680
3153
4761
4156
1483
3972
2285
936
570
198
1775
294
4880
1180
3185
1398
2043
1091
357
498
3064