61
81
189
22
192
111
79
107
191
155
69
53
108
50
87
182
200
66
174
17
171
156
16
33
197
49
85
23
126
154
122
119
137
2
18
162
94
67
34
198
13
11
91
9
37
143
151
172
52
100
62
70
158
166
76
54
181
89
3
101
32
121
38
106
179
30
103
113
31
82
165
118
56
148
19
125
147
55
43
36
138
132
1
46
95
159
109
178
71
44
99
173
124
187
14
152
28
184
92
115
88
195
10
105
190
8
72
29
175
146
86
134
123
169
142
5
40
140
145
188
39
47
12
136
128
98
96
45
57
25
24
157
161
63
183
177
160
93
51
144
110
83
197
196
112
176
116
168
41
164
27
104
60
193
64
80
163
78
65
130
26
114
170
48
153
21
150
4
59
180
141
167
102
68
131
120
117
58
7
77
15
127
42
75
139
20
194
73
90
133
185
35
84
129
6
135
149
74
186
97