1992
5164
455
4683
76
7696
1977
8328
3762
2074
608
4367
7648
766
716
3313
6789
385
6706
7482
8160
5686
4990
6554
4345
2758
253
2323
5798
7678
9213
4810
5562
2705
1936
784
8840
8377
8602
853
6332
2546
8150
1743
7337
4547
3443
9659
7303
2083
2298
1265
800
2886
5461
194
5571
442
4899
2851
1382
7328
1126
9748
7872
1330
5717
103
5883
2028
7774
1368
9954
8872
792
796
9851
7055
3400
5962
6457
3427
7213
6575
2651
974
5502
6813
6890
1068
2091
8575
7424
6538
2239
8711
1150
7386
6968
8692
188
4506
3849
8378
5341
1762
8022
1603
9990
6673
6408
7001
8265
8593
6288
9125
7339
571
8867
7763
8920
8090
2786
6765
1803
3451
9412
6078
3285
8619
2628
1424
8497
599
8106
3495
2219
4394
3982
5266
6948
2605
2878
7051
3249
3875
7643
4110
3988
7034
8431
9171
1569
4701
2800
5696
496
1350
7175
7378
8901
5899
2312
5556
3416
9927
1840
3375
1975
7556
1986
5917
8210
4856
6536
7555
5249
1205
478
6419
5928
6488
5361
5632
4888
795
6614
8790
2982
9530
7719
9734
7468
2168
9752
7350
2139
6611
5241
4190
7627
2010
2780
9743
7655
2314
677
6615
9909
1436
2797
5566
9432
629
5698
7934
1107
2307
2745
9237
4475
7668
8842
3811
228
4563
8529
7112
396
2270
7301
9448
4526
1379
9882
5676
3476
6064
8387
9248
9164
9470
4816
2348
4402
8592
5725
680
4396
6853
1102
3842
5140
3426
2641
2741
989
2574
537
8913
5887
2434
1811
9820
33
9929
1630
1757
4215
5896
7961
1016
523
5271
8219
2306
8072
5406
6322
7387
9214
6038
185
7451
7544
9964
4293
6493
2363
2235
9925
9595
6071
6792
6726
8124
9940
3685
5942
9001
5438
9663
7516
6713
1365
6344
2322
3149
475
3435
1027
4539
5759
8509
1073
6399
7858
8928
2392
3207
1200
3506
9889
2175
1184
1644
2129
9736
3780
3144
7398
5825
2098
5134
5255
9755
7693
7936
3387
4536
1342
5753
57
275
9576
4656
4223
6938
6770
7569
5330
8372
1355
8700
9991
2135
9229
8860
601
9431
4388
3197
8071
1464
6199
5197
1903
3850
4022
781
2029
4926
7171
2517
9581
5496
9036
2895
9384
1418
6683
4759
2676
936
5094
294
9975
3828
1701
7671
9440
4481
9010
5028
9655
4939
8116
7014
7734
6043
9120
4829
4178
7130
8755
4522
2751
7684
2907
8368
6588
3389
7250
5349
3582
2481
465
3317
9342
6524
7169
9479
3899
5906
4170
7271
6701
4646
9350
7987
6833
5243
2989
5102
3088
6226
8989
5771
5761
1560
6735
4989
4169
5653
3834
2025
793
5904
199
7918
9109
6241
3877
7005
7982
8538
3534
3114
983
2259
8969
1387
5820
8365
3176
4150
2418
7359
3583
1561
6285
820
1797
4202
2570
8283
9169
5179
9878
9610
7277
9455
6921
4950
6137
9895
6212
5274
8795
5264
8955
7098
7193
2520
3339
9617
4366
1249
6442
4762
8722
8085
492
7134
6421
7026
129
9297
247
5727
6572
144
3769
4296
393
5223
1361
7172
3787
8046
7237
9170
7147
105
1149
5390
4211
6405
3030
6852
3306
3077
9546
7161
9197
1542
7063
2689
4657
7557
5714
9246
1984
7020
7427
1082
6305
5816
340
1290
9105
9113
5770
7614
892
2174
5307
8822
2881
8807
349
9859
4333
3971
9430
9771
205
1192
3525
8221
2698
9132
6977
2661
5611
2790
8724
4356
1796
8419
1755
8435
5007
9536
1972
6864
9822
7780
3235
9178
9023
4422
917
9974
2713
9969
8792
6218
7194
7709
8518
1704
4964
1923
8153
8020
9146
325
6931
2475
1484
3180
360
8550
7808
3933
5234
3592
5277
7994
9583
730
9452
8664
3471
4896
8736
8992
8403
5565
1158
9515
8244
2870
7561
8326
8800
3785
6178
4203
6275
3900
3151
3013
8687
4208
56
8434
8908
1995
5999
8917
9079
1474
1420
9513
722
9156
4047
8983
8315
9210
8323
4261
3605
8104
441
5293
4993
9116
2362
8470
3239
5732
1687
9932
1208
3195
664
7563
5615
6769
3925
3398
7220
4354
4985
5365
8679
1980
4294
6521
5655
1397
7273
9382
3242
5355
3453
6411
6311
6909
3092
2081
9446
206
3686
2108
5444
229
6609
8597
9322
2186
1313
9795
1377
8343
4279
9011
6487
9662
6610
9596
9700
1250
1825
6126
8078
6100
1115
6723
7080
1589
1080
9426
9016
7408
350
4997
8764
6807
675
9211
5161
9785
7666
6781
6932
6475
5796
7059
435
6679
4086
5573
9072
6244
5990
7104
8223
3907
7223
288
5953
2846
6088
5719
7425
7577
320
9944
4859
4271
4836
1730
3422
1081
9628
2882
7612
8456
2690
9567
1806
261
1827
6249
2440
2212
8537
1522
8467
2258
586
1835
2993
7261
7212
2185
9619
2448
3977
6927
9299
6482
5131
4861
9812
6569
1022
9884
1871
3350
9403
1369
1634
9291
6908
7453
1592
5479
1210
7640
8086
2719
5854
7241
1891
7944
6758
5929
2655
5668
7037
9293
5688
7791
698
1606
4645
4889
5871
2963
5189
3262
4268
4708
6796
2271
5827
3268
7114
3654
552
351
2343
511
3330
1458
5254
8850
7609
4341
8574
7720
2964
6189
6116
120
1653
4676
6111
1346
6762
663
4850
7984
1829
7191
3352
7723
7463
2831
2009
8352
4418
9833
6151
683
7823
1267
5511
406
7493
9481
3637
7940
3961
944
2218
2488
9976
2920
8508
7744
1402
1417
67
9793
3783
9077
4325
9865
1655
749
5787
6565
225
6666
1178
3586
3884
404
1773
1685
1019
3788
9216
8739
6484
4122
6717
7064
2285
5360
901
5403
1325
6392
419
8346
4482
4671
1283
2779
1893
9294
1807
5535
6680
6055
1449
6842
5969
2324
336
2568
9983
8569
1716
3496
9648
1517
6826
263
1855
8261
5112
6676
480
3550
9135
9331
9685
7192
1599
1509
8713
1170
2516
7917
3549
7852
5055
1628
9427
7897
4820
1051
5553
186
9469
2529
5575
743
5910
9921
6982
3168
6663
4044
6880
7629
1419
4972
5628
8119
3031
5299
6473
383
4452
2731
5618
3698
5780
3324
1518
2528
6113
4740
15
8209
3665
7489
8144
8710
2110
3523
491
2508
9286
9417
5833
3414
9276
6599
9608
6257
2414
3768
3986
6988
3551
9629
7965
1533
7086
2843
6537
4289
1795
5248
9933
3700
4523
9145
5867
3218
5377
8609
3726
1532
6150
9953
8253
7519
3590
2316
8079
2540
764
476
8006
2893
1966
3297
9524
3825
3770
189
5836
2694
8754
9175
767
9543
2281
4392
3989
1576
8462
5366
7428
68
729
3636
8027
3127
4486
9766
3234
8333
4161
9868
1389
242
3996
1920
7472
477
8355
6696
5522
8832
8827
6409
6497
5320
6971
2721
8021
4399
7019
5251
6685
6897
2613
3200
3488
6061
7747
1690
8531
9599
6365
3671
5471
723
2274
1412
4200
3546
2422
5756
4252
7006
2209
519
6944
5731
8731
2022
3776
4600
5211
4407
7185
715
1964
4220
2075
7297
2073
2182
5916
7772
7728
2286
412
9118
8905
9354
7751
9089
2558
839
2411
413
7329
5465
7757
6748
3753
7140
5835
5516
6394
9139
6393
6566
1799
1538
848
667
5936
2332
6152
4524
4734
3572
5453
3402
7981
2162
3994
5430
62
3683
4881
956
111
5074
4771
6289
607
5711
8468
434
8357
6119
9155
2717
2115
2350
8056
204
5866
1050
2823
5797
7617
8875
7445
9495
7458
2046
8852
3864
4615
5646
410
2214
3815
509
9034
1362
5080
8402
5974
4143
7810
6364
6252
5224
3102
8823
3201
5284
1123
4937
9459
380
6785
543
1000
9972
7969
4450
8026
3589
1922
8683
5093
6496
6777
60
1495
5260
8301
65
7462
1054
3731
6714
811
6961
2724
7057
7259
4854
5549
8972
3609
1146
1401
5695
9731
4433
8108
3217
854
7513
4819
9505
9172
3401
6582
9160
6551
8891
1244
5006
2048
4871
1260
8742
2469
6400
9221
3068
9004
1736
7511
357
1110
9383
923
281
9829
5557
1675
2325
7232
3727
2622
8580
5485
8140
9540
1092
1940
8745
624
1868
5176
1808
1640
9763
3526
1880
6029
8899
6707
2929
9858
7441
9950
6259
9126
8102
771
9794
4240
9643
3800
72
2806
4580
7481
5106
1473
7170
401
2583
3710
7952
4199
3903
5410
6945
430
7257
5040
4727
5988
1332
9598
1337
9863
3147
230
7200
4874
4087
8222
1374
9835
4576
5468
1395
4028
7548
1299
2130
9418
7060
7102
5963
7581
9742
8455
1111
746
3271
7392
1904
4309
725
8309
849
375
8145
8399
6824
8695
3188
8005
5417
9067
4288
5117
6560
9012
8141
5372
3329
2072
9207
8007
1607
8620
710
5747
7322
342
9773
7606
1894
4814
3603
1582
5008
9872
9414
2483
2896
182
4478
1574
9805
5391
6127
7651
4185
4026
5781
672
4118
9082
285
8691
3430
9520
1405
1408
7142
9103
501
7756
3633
6086
1071
6759
2598
9707
8976
3442
2031
5437
2204
2320
1263
6376
4659
6318
5452
7622
3384
8685
2447
388
55
5336
2443
8113
9261
3063
9908
7072
2680
5056
790
5554
2863
1760
5791
8756
2423
2667
2228
3470
6655
4304
9147
7713
3122
2763
4714
6689
3510
962
2257
1042
372
7683
4427
4056
5139
3504
8784
6531
9901
6107
7354
5363
920
7540
3257
6825
4340
3597
6091
2409
907
2599
6545
8259
3265
6935
1437
8927
1422
2426
8356
9609
3043
3500
5926
2708
6201
2121
3824
1953
2581
3642
471
9550
221
2808
2296
8720
1633
1002
3079
4103
3379
1671
8769
9227
6084
5984
5879
4162
1106
7566
3080
7842
1943
4998
6262
4976
4299
2742
3115
3656
3042
43
1029
6410
3444
9055
7849
7700
9042
3342
6124
9076
6878
1587
9425
9108
4123
4004
4680
541
1479
6019
3004
3774
7971
8193
157
1846
5182
5558
8216
6398
3503
1596
8889
4197
3995
3494
8149
5959
6299
9305
3446
3844
531
8733
1323
6447
4932
1641
3420
9917
5436
4528
27
309
487
3248
5499
8640
7111
5946
2604
2673
6183
2368
2759
3365
4788
9677
5738
8694
9027
2826
4973
3095
6851
6440
4561
3333
344
9498
4795
4782
4622
1053
9130
8622
3037
3863
9630
7247
4691
8761
7619
9796
464
507
4490
724
2906
806
4949
4266
7552
6314
7867
7543
538
2671
2245
4183
7802
2841
7369
8070
6512
5343
5487
5090
4494
809
3923
6454
6638
4744
165
2468
5303
1141
1765
3763
8583
6053
628
4179
8781
4902
4264
4467
1575
4102
5993
2385
7948
7119
7228
6384
4276
6889
1144
4038
804
5529
1697
2624
4198
6368
6656
6292
3117
7238
2703
8864
8381
9458
609
4721
9144
1620
4311
1809
3464
3369
8990
8922
5675
4466
3854
6958
7038
2393
7682
4
6877
1357
2400
9620
8919
6136
5011
8330
277
36
3171
7304
6468
2321
1441
2600
8366
9670
8934
4140
8249
2799
9271
9635
8974
7404
7508
2904
2461
6070
3954
1333
4818
7501
7264
5142
5
30
7395
2387
5716
5052
5340
8469
7317
6427
287
9580
1919
9699
879
5583
816
2199
4375
4967
6849
5415
8189
3320
4025
164
3924
1297
4106
3012
7839
6073
4091
7118
9090
1003
2917
3544
3755
8115
5818
8817
2753
6555
1602
7270
1310
7677
6608
4801
2453
6954
3622
2853
4176
7803
6309
9230
7391
2620
8496
1173
2247
9131
2277
1201
4222
1883
214
2537
9837
6604
2289
529
3535
5657
1897
7933
11
9447
1311
4101
415
5214
4445
2827
9444
6125
5024
3366
1790
2479
1563
603
5989
5382
2417
70
9101
4739
3190
4327
9880
2374
6650
1288
4241
7409
7582
151
3433
844
957
6268
2058
1506
7439
7939
6422
4510
2852
8604
2575
7312
6154
5421
6056
7726
1234
5235
1486
8043
3569
236
9486
9890
5424
1679
9737
220
5998
4120
6108
6795
4544
9997
6229
362
9290
1168
7372
9688
5289
3310
8706
4852
6002
5877
5852
988
1431
8041
4709
2353
3553
4670
4845
935
1113
5347
8601
8202
6782
3155
9304
5151
4274
2333
5049
438
305
2884
9283
2194
472
7840
6067
1777
332
6345
4555
9218
1448
262
4331
4636
5614
735
4760
4229
5412
4046
2549
979
3855
9476
9369
2646
4875
5750
9220
5902
930
4448
6131
7767
2117
977
8051
5163
4404
4442
7205
7201
835
8533
8979
7692
3119
600
6227
2007
875
2718
5792
862
6612
9958
2859
4440
554
3393
8068
4802
3272
8234
5051
1416
9544
9810
5701
9180
6751
2880
2900
122
3104
5733
257
5956
2331
5402
9260
3448
3383
6975
4006
6940
1766
9819
8599
5296
7773
6893
1048
7310
5608
158
2652
9549
2632
2480
198
5344
2752
703
4077
3885
1378
4669
1279
5897
9282
2514
4699
3517
6613
9028
7153
3206
9300
6620
1271
4988
1804
7764
5219
6959
7545
9547
4971
8443
2725
8322
9241
244
5302
4094
5672
557
2167
1067
326
3509
4484
4163
2252
8424
596
8526
8059
7771
5388
7782
4653
9808
4892
3046
1926
6970
5505
7085
8751
6453
5135
4278
8971
3385
3616
2916
6369
6256
2953
9943
8650
9424
3243
1302
4923
9177
7881
3212
3799
6214
5859
84
6112
5671
8097
4811
8738
2565
5247
7071
759
6766
1520
9121
6925
2590
3230
3215
4474
5542
5537
9542
7960
9122
2631
6754
2825
5015
2268
8744
6979
3575
9938
7585
1109
8100
2579
270
6947
3469
2101
6618
8893
4880
2336
1925
7358
6168
1133
4742
9212
3135
915
9468
9623
9565
2038
3177
9255
3231
298
4172
9730
1759
7296
5073
1802
9233
1156
7494
2679
2193
845
5231
7811
3967
9775
5321
5625
3047
1293
5244
9253
3699
9912
1324
6255
2397
6586
4618
2531
4807
561
4777
1221
7141
768
7630
5375
8188
6308
8212
9706
6166
6974
5757
8128
4064
6018
5677
9844
9188
9702
3561
4502
5660
8391
1956
249
4849
8938
8837
8931
9764
3711
6624
7909
2037
8289
4098
8665
4723
5736
8981
8777
6403
5121
2493
9465
6835
9379
3153
2585
1820
4030
7737
8142
5325
8454
2246
3871
1889
2728
2192
6527
8180
6823
4625
2990
4019
1709
7219
731
7542
6331
8705
3970
1414
8637
2623
2018
8474
7457
1552
5013
5924
9970
7656
2304
4273
515
627
4403
4607
8089
2817
6918
1545
6879
1183
2497
9651
1327
834
5311
8430
2991
5642
8656
9268
9069
7235
6951
1632
986
4476
7624
4595
2695
5041
8491
830
6928
2338
4498
241
3053
8930
4931
5748
3617
9591
9404
4164
7653
4024
5407
1521
990
1301
8527
8416
8815
5947
636
4848
5236
522
8161
6278
4217
9451
102
2515
3558
1017
4477
4809
9334
6248
6188
9203
9267
9750
6327
1947
7036
5107
4986
8463
3759
2136
3071
6003
4321
4928
6876
2237
6996
8718
7546
212
2242
8608
1645
884
926
450
9370
1819
2491
4147
9413
9166
5715
8194
7650
2062
239
9157
6412
1958
6283
1281
1722
911
3910
8534
5893
2489
4397
4346
38
6145
6667
7274
5387
3233
3940
8008
1588
6066
4107
1440
3036
4800
6010
9099
2309
5332
9096
7195
3332
2767
4786
1519
5848
9903
3713
4685
1659
2839
946
2811
4774
4480
1779
3941
2458
5734
1316
7676
9575
4598
7914
1203
8092
2004
50
7749
5957
6882
7281
5683
3870
2301
5559
4865
45
1691
2914
9182
6619
5937
3106
7070
7137
1246
6580
2822
3173
5666
4373
1445
6830
1775
8542
2682
4589
3579
2668
4751
6868
8220
3269
4556
5308
3131
213
489
3860
7357
1860
2023
3796
975
5737
3187
2213
4196
6163
4055
2052
9491
4051
6721
8886
3000
2177
6302
4126
2768
1273
3321
5145
8980
8320
2997
147
5966
3032
2441
4133
8883
4568
9680
7778
8379
4365
223
7211
1077
6990
5819
4738
4711
7838
8693
855
6592
6628
5116
8069
7443
2442
8461
1616
3005
8663
3931
1367
640
5539
9683
7703
2702
8284
514
654
4558
6845
617
4326
8032
4915
439
266
4070
9968
5834
3213
2980
8544
4839
2525
4948
9966
6570
8242
1660
9344
8600
701
3709
7244
1648
6862
4665
7531
7894
8994
2428
8061
2630
8809
318
6767
1076
7739
9292
2341
3987
9406
525
9339
4372
5528
3270
4769
291
2361
9681
2013
9378
3820
4059
6224
3326
8302
5393
693
825
7156
8612
331
7251
6375
1623
2794
1306
6357
8667
1601
3614
3137
2077
3397
9372
6641
2485
9314
2040
9107
592
1921
2633
6207
3678
7126
6494
8129
2617
8408
5312
5229
1185
7506
6380
665
8247
2474
1508
2519
4736
353
9852
7910
8444
6339
2053
1291
2093
3057
9165
9254
250
6517
2227
864
8546
972
4787
7486
2501
6343
8473
1927
1152
407
6386
8114
9356
6672
4303
874
1196
141
8156
1798
1845
2687
4455
7669
4114
823
4766
9577
7689
2774
4092
3074
9324
2901
9836
2424
3554
2707
546
5128
718
5891
6535
2513
9030
6526
2260
7471
2408
9056
8588
7958
3045
9877
1564
7853
9013
4483
2577
6520
9838
5564
1996
7752
925
3203
8504
1885
7578
1063
6026
1952
9781
635
1498
2142
1198
7694
8347
1913
6552
5348
1381
4105
3802
6540
5376
6872
6158
7397
8442
4500
49
3807
1914
801
3777
2998
9475
6348
4873
1487
6500
1469
7107
2360
4719
6737
5849
9117
1928
3957
1394
7941
8214
5071
6850
2041
4259
676
889
7712
4562
1034
3541
4919
7903
5804
2366
7
9488
963
7800
1188
460
8866
8013
714
2750
2619
2842
8799
9234
7097
4361
7163
8231
9963
7321
8598
7081
2653
4564
4945
3624
5548
8765
6121
951
6728
934
9457
8018
6186
6395
8520
4238
7227
7189
7299
9729
587
2450
295
6377
8395
1066
5647
1452
8660
2714
9048
8226
126
2662
8540
3357
7898
1472
4673
8273
9217
3319
4339
9597
5477
8668
5531
8310
8024
704
7634
1177
9306
7422
6895
2629
2455
2507
9110
6196
1650
6869
4032
5098
5638
3124
5125
6101
4958
4784
3349
2971
22
10
7600
7959
5905
5724
9928
5518
5490
6033
2992
2924
2415
737
4376
887
4741
866
7809
9190
770
1971
2560
7760
8331
4969
6273
6817
9558
4575
4963
9590
6561
2683
3347
7186
1255
5694
9323
2215
6539
6905
9987
3076
6251
6998
8560
7753
8778
549
1274
5705
4364
238
6448
5020
4772
1828
6460
1229
3457
8703
6415
6382
5498
4134
4419
3050
4194
5475
6021
1643
8204
9380
4962
2640
3743
5709
8036
5894
2198
9232
2104
3483
5520
8084
7913
2349
1896
7866
6050
6827
982
1035
3682
7306
1116
3712
2047
7461
97
1491
7518
7521
4371
5246
1322
1264
6742
1535
7485
6027
3251
1359
6550
8758
3928
5001
831
7377
2875
3585
2534
8631
943
2819
8407
256
4212
361
6983
2288
919
4187
9467
6052
9008
9769
971
2217
9904
9266
6629
9387
8318
9521
4921
4297
8499
9896
2932
2359
4391
2099
8642
53
2016
610
2804
3061
4258
2080
2812
7003
9243
4713
4868
3908
4061
306
4579
2490
2834
1614
5772
9614
1994
7124
7383
1171
3587
8336
5987
8915
1212
8844
2571
9946
5699
5270
9019
5058
6549
5952
6775
4472
810
8398
2968
8629
1713
7318
4060
9875
7465
4662
5253
9948
2060
1537
2449
367
8746
2078
258
6293
4017
4458
356
4710
3351
3627
9986
856
3677
7890
7829
1848
1581
3919
5042
7541
7406
5171
2089
4703
3707
3214
4069
8688
1061
7601
4393
863
8861
4001
7474
8192
9102
5195
9517
7179
8707
3573
8965
4369
8460
517
7816
3507
7181
8740
8348
6678
9998
7524
1209
8066
1941
787
3159
9137
5143
5644
9751
1742
8370
6755
5971
2109
2070
7539
4791
5961
9411
570
8624
8522
9402
251
973
5091
9864
8910
3628
4453
5177
7442
3886
2699
5397
411
3462
304
532
9920
9516
9720
9798
567
3873
1608
7598
8304
898
4752
2375
8477
6087
4609
4608
5900
101
634
7628
1667
4790
7565
695
5633
9310
4637
8584
6328
7733
1421
3766
1278
5428
3673
237
3240
8698
7131
2564
7049
4897
2737
6028
5782
1793
4159
3705
4242
5576
2524
6401
6757
9181
1976
7514
3022
4815
7218
9984
2326
4036
2710
1062
2885
5533
5968
5149
4797
1118
1329
2615
9572
8723
5050
5740
3487
6632
5687
5588
5225
6063
6857
8494
7985
8438
8838
9259
8960
1455
2523
6563
8105
3809
4627
4247
1285
5342
6963
753
7856
9240
1390
4585
118
8257
6462
1939
2369
6576
7907
307
2211
3963
1733
1032
7869
2310
2439
1982
5054
4767
6846
2256
6295
5702
1336
6993
4885
1013
5337
6929
625
2697
8133
5370
5892
1830
9981
8982
4100
8232
2544
7788
1934
4773
7558
689
837
3580
3728
5673
4262
9906
5601
2740
1289
3868
5682
2612
8998
1942
2206
1020
7575
5319
6416
3296
2738
1649
7706
8516
2494
2889
6593
8176
4155
9548
8137
421
8057
474
7759
9661
6664
3866
1174
7324
7429
5075
8517
9828
2538
6109
4663
3938
6760
3668
8374
5945
9961
929
3562
5178
582
4631
4041
8174
280
8918
7841
909
6310
5300
6230
9624
1786
4314
3274
6967
7041
3084
6281
4416
5620
210
6803
8481
3413
2736
7159
9208
5934
931
9746
6999
2557
7068
7970
6939
1960
6118
3724
9393
5066
8878
2084
7336
4847
1639
4755
1070
2602
365
9563
5739
8821
9439
1637
7945
6884
7846
5085
3935
997
7368
1375
3530
1247
9272
409
1677
1718
5158
7986
2425
399
8324
2086
9247
9351
8906
6148
9143
998
8294
8501
3484
9885
1558
8562
1854
9219
9154
2596
9502
245
7955
8498
7721
1131
9307
5409
3064
1358
3140
7547
3578
4186
3019
445
8661
64
7824
5258
3791
4664
8829
3275
3472
1813
7258
6816
696
757
6325
1426
1911
5173
4983
3359
8771
1548
444
82
7525
2848
5669
9195
274
4099
7160
9296
4177
7584
1373
980
4513
8303
9046
7469
1496
7929
1343
6783
8996
9273
5061
5202
3287
7079
1218
4380
3896
3715
7476
5301
8423
3827
2987
5840
5495
9009
4053
6304
4597
1805
3055
3486
2584
7367
6534
292
712
769
588
3765
1468
8371
7145
8669
3669
8453
5932
9669
8846
8830
5965
2733
426
5400
9173
4355
7075
2505
4534
2179
8658
2391
3730
5405
161
5606
9922
1314
4382
6786
1065
2079
7067
9915
9336
8512
9053
7338
9753
8726
5637
5530
2677
9084
7667
4428
2824
6598
8999
4096
942
5063
6637
7103
8514
7954
4013
9594
16
4583
6030
4862
3620
3150
626
3336
4104
2921
6173
5327
302
9497
7645
8579
9490
699
5441
3909
1714
6356
2919
5684
5200
1838
1849
420
9338
1475
3325
4933
6451
1228
4805
3358
4984
6504
5918
3202
5086
1461
4011
368
2416
1015
3581
2781
6621
3489
432
6371
937
5754
3331
1731
3929
8151
580
125
3273
3829
7010
642
6115
932
8028
6179
169
8360
2591
5568
8954
3696
3356
5472
1411
7088
4255
6771
8653
785
333
4700
4269
7136
2666
9982
7249
9225
4125
9759
3997
2150
5783
8429
798
2587
4138
4537
9636
9703
88
6881
6284
540
4381
486
5610
6605
7046
4473
9888
1339
9000
92
3714
2230
1948
2660
6891
2729
7594
9647
1132
7167
9460
8165
3447
1780
5396
1832
5503
7665
9316
2706
1430
1163
3937
7708
8921
9800
685
9312
8924
5160
3152
7254
7240
7777
9443
3979
6955
3511
4039
7691
620
738
8334
9955
9163
4750
4173
2272
8295
2792
5228
6639
4831
8611
3073
791
7647
448
1715
4298
5193
9044
8157
2618
2302
4943
1488
6800
4570
3723
9930
7529
8227
773
4698
9767
1989
3184
4071
9423
4706
1482
99
6149
7431
968
4145
9463
2195
2526
5594
1259
7008
9956
4267
5157
3474
9031
276
7370
5523
9676
1888
3154
4935
5700
6103
4732
1748
8849
7108
1597
9787
8766
6784
100
9504
2342
6358
4924
1781
7966
3091
8535
3098
5574
1698
3454
4139
2069
4987
3392
9192
4908
3284
2749
9158
8760
7895
2649
4015
2486
21
6507
8859
1754
354
8015
3371
1006
6437
590
6839
1719
2502
8643
7115
3513
6836
7332
7376
4828
6495
108
4063
8329
1580
4658
115
167
6039
2420
6544
7292
1959
7345
9450
1354
3662
4146
2658
1258
3301
527
4130
3295
5546
1791
9039
7015
721
9861
8095
2496
8236
8748
128
3641
7602
1957
9566
9910
9951
4058
5285
8630
3719
2145
4917
2244
52
647
6711
7094
5208
8836
4654
6155
1665
3293
35
3394
3888
3663
7785
9989
3660
7636
8076
7766
7204
9533
6532
8099
6591
6559
8427
1999
9301
4023
5378
5035
1750
1427
8217
6916
8684
8002
9071
8545
7120
756
1944
34
9066
2399
2503
5201
3048
2339
6814
8638
7174
821
2357
484
6379
5392
6732
5651
9671
7963
7990
5857
9526
5811
1108
7992
3879
9584
179
5334
6049
2457
4884
1712
9433
3838
1764
619
2019
6949
9754
8120
7978
4900
3162
3408
7765
3832
8500
9687
7995
8235
1119
5580
6341
8925
9797
8741
9075
6017
655
2241
3670
2873
6321
4090
1189
5203
6232
7908
7834
3754
5707
9562
869
851
8857
947
8912
594
91
9374
9626
3123
4174
5749
2923
2030
7343
4520
2200
6528
6731
5940
5084
1968
7504
4569
7352
6443
2871
2371
6492
8376
2382
7390
9320
3653
3018
3116
4043
605
13
8110
4785
8541
6708
8820
1783
9409
8382
2181
908
252
6269
4628
5552
7880
9604
8964
2276
890
7300
8300
2432
9018
1477
2412
1403
4358
6590
3958
3801
7053
454
2465
6013
1318
3017
8654
226
7626
3010
3294
562
9176
2051
9128
7607
945
612
2704
2384
4250
1241
9037
7652
378
7779
2413
1571
9371
403
8576
8768
7828
7496
1493
2936
1157
7528
5919
1044
3450
8127
7410
8659
6953
3694
1584
7047
3881
1672
9365
2402
1651
8293
9462
516
8856
1573
2610
6372
7069
4684
468
3289
2351
2462
1303
8953
1593
5903
650
2290
8613
2433
7389
4308
5104
5561
6373
6022
8004
4137
1504
9832
8615
171
9235
6812
4115
5169
8519
7919
2156
6333
4632
7976
9834
6238
1858
679
9992
1186
4233
3848
5864
7664
8946
1222
8313
6870
2727
7229
2035
3223
598
5785
3198
8314
648
4623
7989
5124
8017
7449
9473
1929
3539
902
1466
783
3983
418
9329
140
6636
3594
8033
2533
9060
2386
1527
3853
3221
2184
7661
7520
1407
6875
9200
218
8447
8248
9209
7657
5004
9708
6623
4469
1822
4127
4768
4960
8671
317
1300
7414
1465
7216
5022
639
7335
2365
7122
3674
5572
9024
5150
9631
2112
1882
1711
9914
8053
7333
3735
4330
4922
3687
1172
7660
2250
8045
3792
3672
2329
8280
6197
6004
3823
1232
3157
9325
9886
1388
9355
2862
9415
5751
2532
190
8628
8890
2163
8933
1983
7592
3606
8337
7850
7340
4374
5408
132
9937
555
2445
4603
3962
5545
8757
5092
7896
4965
7613
1842
630
9277
3170
5845
6092
9249
6274
3833
1528
9853
2266
5483
3898
7382
894
6024
613
2782
893
1526
485
5723
3172
4012
3111
9527
4338
308
3869
2335
6366
5323
6585
4260
3078
6223
9449
6693
7346
3612
762
891
4116
6681
9140
9717
2672
4344
5838
5960
7572
7123
2454
4497
4083
3805
8177
9115
1676
7702
7316
2580
7379
4941
2985
9454
9052
3968
9555
41
8428
5394
2654
6174
3166
9715
1376
2693
5948
2297
6543
9442
8182
3661
3591
4893
5667
9815
8055
9375
8582
6431
339
755
9807
3260
3367
4977
6034
6047
2284
2159
4617
2169
7065
6819
7488
6216
7845
5778
9287
9318
880
2011
6573
5977
1625
9280
1550
3083
981
984
1432
3917
899
6181
940
6859
6874
6463
1818
2269
3028
959
2876
7480
1638
910
9333
9612
8327
47
4270
8363
4538
443
3361
9931
5598
3748
7284
4395
8759
192
2892
4027
9811
1211
433
9644
4756
5119
9777
8489
9587
8269
1404
3315
3839
2221
8445
8563
2939
1282
3905
7906
7291
7817
9978
3130
9855
9493
8201
1261
3298
149
3410
5547
8471
8406
6139
761
2467
9302
9980
9242
6180
6464
9996
3113
5488
9068
4689
6773
6645
9258
1531
4927
3318
6665
7654
1895
7132
7177
8863
6317
9070
24
9152
2054
9017
5290
6354
6114
6902
89
4604
4582
6080
5282
616
3256
2251
8332
2621
4909
3340
5002
4348
8394
3720
732
2105
9653
4224
7356
8503
906
8173
4389
6279
5581
5570
370
94
1578
6336
3440
6138
4974
8255
7927
6360
7248
343
3136
8206
3655
9397
2897
9206
2765
8977
7977
4749
424
5726
5386
8439
395
3314
5205
9732
7183
6724
9097
4702
822
7236
7510
7394
7964
2625
858
2860
8831
728
3304
4735
9086
6686
4384
7930
2071
8000
602
6167
7718
7478
2935
2684
5656
3610
4221
6788
3745
4846
7979
4729
5807
2510
3003
8452
9570
3658
1853
1686
6896
5206
5470
9274
5174
4864
6965
9419
6243
7879
6045
8523
4236
9788
6051
5641
4332
222
5634
7011
6383
763
3576
8311
8353
3258
5217
134
7000
5068
355
8791
4449
1694
758
9847
5183
8923
1364
1121
3002
4550
2124
6750
168
3303
6941
3283
5626
6883
8914
7319
5631
4566
328
8614
1767
5322
2926
5742
5292
3955
2856
9
8341
2835
591
322
8228
6892
112
1785
2566
8277
7096
2364
3991
4479
2403
7289
3761
1088
2499
2857
6972
1399
8359
9792
7327
3634
8793
6994
7949
5459
4887
2922
2044
7380
2773
5884
2872
6423
5310
7164
4913
8272
9391
6079
3
4798
9029
6584
127
6353
7631
6587
9337
5762
6434
6169
3951
4655
3690
2946
4753
4716
6794
6761
933
9002
8351
9492
6746
9902
4228
9856
8732
4132
4414
3120
1060
3804
9684
8554
2595
2154
3795
1525
8479
2478
3143
6574
8087
310
4175
9935
5122
3865
1095
51
3335
9399
7603
4647
1064
6133
5635
7950
1471
799
2201
6389
9552
5800
7935
8570
1862
6300
6272
143
5039
5560
9665
7663
1344
5763
7470
7790
9187
8868
3093
7862
6501
3305
5855
9772
5252
6541
6433
9762
5842
470
6616
1586
4991
7921
5079
8122
7554
4808
9466
1340
2762
8617
952
4188
597
1166
5995
4214
1878
5010
1726
3146
5016
5979
3459
8621
3417
3798
9639
802
6647
7957
6815
9705
4678
2883
1009
2085
6946
9279
6720
6797
4286
6057
8734
2905
4596
6514
3689
2137
329
6671
2191
7032
1012
5238
4034
6098
4910
9924
8111
2970
1729
85
5492
9087
3029
3182
3035
8752
6837
1627
5500
1252
8581
3524
4488
3893
6865
8478
2381
8510
8155
9006
4587
4955
1708
6220
7265
4493
3089
2832
7920
2133
8035
2791
6250
7821
3942
9678
3701
5237
110
9321
1444
9529
9191
8610
8962
2709
4470
524
2334
8001
6472
4692
5218
9348
6924
4725
8625
4401
9776
5154
7143
6682
772
535
5222
1562
3067
7670
1515
2813
2609
8349
1918
3950
8772
9869
2283
9389
86
8676
2092
4956
8865
9328
5168
6104
1681
1103
8561
1741
6801
32
4535
6203
425
7127
3238
4166
1682
7662
5774
7082
9905
6822
5446
1991
9588
7993
1021
7022
8902
6170
7363
1277
4842
6037
4838
2299
4128
7973
366
8369
5913
558
6020
7690
4946
3960
423
7998
9390
6025
2927
7534
1890
2001
286
4405
2148
6219
6367
4254
2464
6388
4830
5297
3461
1433
4726
5720
1669
3473
5333
9782
6740
314
1695
7883
7562
8870
1656
2545
646
6860
2166
8547
2202
5869
7724
2586
5862
7050
8012
5616
4621
4062
3193
2261
3099
9538
3531
1045
8096
6194
462
559
512
9050
5313
7412
3547
896
1905
4867
4694
8131
6007
364
8167
9701
1887
4315
2572
709
3255
9367
8929
8011
4075
8405
4417
5283
4761
3300
4666
7331
7388
1384
4082
5069
752
8299
6363
3703
5294
8714
2033
7004
6525
3186
8874
1839
8207
3066
8884
671
2688
7371
4191
502
6195
6702
1778
4722
9600
6986
9840
1193
2376
6347
9098
4817
1043
4152
5805
162
9092
3595
5775
6508
5944
8805
208
5422
5433
992
560
6187
8414
193
1483
9686
3194
2143
348
9035
1613
9586
739
7385
1457
5878
1540
5474
5880
9696
7962
1219
2319
1501
5888
1739
6381
6844
4519
9340
359
6617
1409
6065
5385
2248
7523
8488
6548
3229
7870
9733
1199
8486
7946
2778
3972
4501
3354
9768
8951
6695
6828
5389
2410
9673
5017
1275
8690
3964
747
28
4957
9078
778
4237
3183
7129
5494
661
4731
2435
3821
666
872
4667
4866
5305
6483
8344
9194
8709
8993
5426
9507
7928
3657
5728
8558
9142
9535
3630
1321
3465
1961
1197
2639
201
4704
7492
8410
3056
2614
9988
9049
1090
3250
4601
3112
7224
8782
5921
3778
6234
2820
5099
4385
9183
7084
6556
7574
3810
2176
938
268
1348
8345
2814
682
6316
6969
829
8367
3178
6577
4904
8835
6351
2160
8245
3998
5352
5617
6265
8243
6727
670
8404
6350
9341
1756
495
2370
9270
5309
4553
5257
7278
2582
2542
9511
4518
2995
4869
2255
9830
1356
2969
334
8816
5021
7847
5861
8802
6738
1140
7162
3684
5329
4499
6486
1879
1001
7900
3377
6474
7150
3532
2315
4961
2205
6171
7360
2965
2390
9799
5663
7618
1833
7133
7487
3434
958
9343
6481
1280
3148
3750
8270
5650
1577
6894
5440
5746
1993
3557
3872
7567
2267
9633
9150
1220
6143
8432
2057
8565
1707
7210
4251
391
6677
8532
4226
8552
5532
7062
4016
7553
3424
9289
1917
2389
4930
553
897
3608
2802
392
1782
8158
2067
4085
8730
4554
8780
9881
3508
8213
8258
1622
176
3729
9894
2171
2578
431
1706
2036
8549
6942
6315
7418
2747
7344
9579
924
8266
3085
6715
7460
7633
7182
7874
3577
131
3767
8577
694
8023
3567
7078
2106
2224
130
3167
9186
7099
1155
1159
6172
1951
6503
4696
4834
5491
6095
4633
9032
1615
7522
4230
2555
8487
604
5703
8450
8670
3786
3439
2961
390
706
3733
8316
4821
79
632
5129
3399
9138
5603
2761
5245
5449
7269
7789
3540
5597
7101
6093
1463
8278
9559
6236
2754
6933
133
2691
6562
2076
987
8936
7279
5890
8169
8585
341
5373
8181
4349
9827
7901
9196
3380
5081
5860
3648
2775
18
2170
2151
8666
5384
7503
3564
2635
1154
9408
4511
9256
3208
1195
3309
6912
9100
5043
2983
3456
4141
5501
6511
3818
3822
5136
6424
1490
9347
4363
8187
369
1478
1147
7587
877
2119
7795
4557
533
9534
4515
5012
2395
324
7226
2548
8437
3741
544
4386
7243
3644
1245
172
6378
2642
4244
7225
5847
4649
5640
106
8701
2358
4430
2207
9129
740
4707
6228
921
5550
631
5534
949
7180
4577
6254
400
8393
4551
1326
9760
1938
8107
2153
7054
2380
5398
566
777
3228
5540
5153
2723
4612
2427
5713
4256
7421
7736
6184
4446
2865
3548
8252
8297
7217
2377
7679
7761
1789
5367
3522
3688
8635
4121
2711
8198
2563
5607
3790
2021
7536
5681
2127
3158
7837
3266
2903
7007
5146
3635
1269
9081
5298
8900
9697
7641
5898
3196
7419
8808
2506
7400
9675
7632
9967
4119
5464
584
2155
1286
7956
841
9741
9667
8048
6312
272
1735
488
3246
429
7568
2840
3292
5515
8991
8433
9471
1946
449
5622
2265
6000
8551
3906
7537
3205
7698
745
8256
4312
1912
2712
8699
7090
3343
5029
3646
9634
2561
2407
2103
4754
8490
5508
5858
2626
1546
8197
2556
3757
5970
3793
3571
7276
1834
7256
7925
556
7745
5144
7042
9239
2356
3976
6323
7302
3882
4565
7580
2700
5227
4953
9112
2951
9472
9744
9421
8578
2
9456
8060
8152
174
5674
4504
6153
9438
3034
8183
3027
2864
1128
9621
840
9866
5512
9843
4796
2715
5832
2795
861
3100
3291
5165
2966
818
8845
9359
3999
6787
4362
9709
9133
6904
4912
8959
3485
7798
3481
6099
9876
2999
9494
9185
8178
8644
9845
1169
5659
5786
6117
2509
224
8016
6436
299
8853
7776
3956
6102
5276
9054
9694
3348
7245
9064
2611
2949
2838
8459
8271
2592
7882
8814
2915
8828
6349
7758
1294
2663
6709
4353
621
3536
5509
9124
5399
1864
9899
7268
6335
9727
883
5514
3867
8966
1295
7407
5064
9939
9716
6235
1699
5369
1787
3734
8203
9960
5766
797
3789
3403
3038
2429
2701
4905
2912
3927
4929
2925
1349
6123
9883
564
3145
3747
7325
2657
7922
440
8354
4572
8995
479
5053
5416
8651
267
9123
3337
493
9330
8335
7285
9724
3482
4313
9134
1056
9783
9719
9485
4018
991
4758
7113
7595
1931
4495
6578
5379
5629
7373
9786
4310
8457
4189
2232
7491
3449
574
9335
7017
5967
5304
8208
9508
7704
565
3211
4982
6016
8375
3878
1863
1011
6778
2476
1556
4165
4799
1769
80
9711
1692
2988
6271
3521
8135
4783
2095
8417
7454
3913
3015
589
9957
6094
7863
3411
8038
6430
1236
8773
9512
39
1292
643
9564
4639
75
563
8957
6191
1331
107
330
2764
4307
2231
2303
6515
8648
996
4148
2404
6352
7748
4142
8595
6054
4578
9825
4545
7430
2539
2743
346
4282
3625
1737
8834
4457
9106
964
3334
6160
6301
5429
4559
3237
8171
5469
248
3969
4895
5187
2240
7253
469
8657
1191
6130
2138
4851
7023
9611
6516
8858
3052
2026
1352
7415
2278
6060
8132
6675
3412
4158
5806
794
5808
6899
6832
6445
5850
8895
1446
7209
1721
9735
6182
8074
7365
1335
615
7255
4193
7983
2950
2344
4005
9167
3771
2789
3065
2050
8118
8296
8796
8877
1136
9315
4210
6406
6966
4901
7848
8350
916
6320
1338
352
1513
6688
4794
9407
1761
337
1717
9666
4968
5359
3930
5662
8789
1670
1055
9682
8502
259
3025
3890
4496
4775
6747
8380
5269
3475
8511
8466
5773
9420
6583
5162
8618
1239
7732
6691
1353
4803
5460
8553
1459
8871
6059
4489
7893
4959
8338
5166
3141
3515
3344
8626
7061
3431
8136
7074
1816
3695
1605
5273
4857
4715
6622
2867
5874
1135
2134
6042
5353
4000
7413
9745
7991
3288
5005
2918
4441
2656
4066
2049
3836
2318
8401
9014
428
3179
1481
260
138
2757
9518
4806
2352
3090
7275
3497
2128
1906
4487
7714
4002
9695
4675
2273
6280
7401
4368
5978
2854
1372
3368
1040
6077
5525
6164
2055
4108
4213
2829
9994
4883
2978
4021
1253
8697
8696
1083
8596
1965
7206
1145
6518
9400
3966
1874
6644
2082
5291
9897
5357
3861
6014
6659
9973
3386
231
2398
6140
912
2760
6719
6873
1148
6291
5105
5418
4779
3721
1413
4323
9223
5844
4009
6085
146
7029
2419
6062
6589
1214
2659
4113
7972
5114
7393
6105
7031
8851
8239
6444
4343
4512
9691
513
93
4035
116
2471
8029
3543
4234
271
3862
8634
5097
7013
827
4833
3466
5809
8480
4503
124
4263
9373
3876
6162
1693
5544
6122
9345
6231
8876
315
4360
2739
4599
2938
6734
8855
1039
4886
8003
5623
9514
573
6910
4112
9625
7642
3666
2466
7349
8735
5078
2275
1559
3396
7868
9814
7673
1443
4792
5941
9484
9199
9309
9179
5943
5886
4648
3708
4690
345
8775
3593
8824
970
1005
1179
195
8186
4352
6222
8555
1529
510
335
408
2473
3784
9275
3574
9149
3307
59
7583
9616
8645
2783
2144
42
5268
3920
452
5881
3355
6936
5018
1547
6491
5087
3858
4168
4080
4525
9839
9281
1826
7851
117
278
6193
1470
6684
3946
5822
8342
3772
5457
4219
5824
2492
7999
3276
3623
7799
2976
2308
1689
1901
4705
1098
7402
779
1949
6287
2948
876
5813
5741
9308
857
6413
7399
5110
3059
7066
9539
1052
4613
1572
3533
950
6048
9740
2601
1654
7859
550
2877
6818
8030
5810
2868
2487
6165
4980
7784
8978
4109
1763
7605
8567
8939
9726
3921
6498
3209
7087
4876
5789
5645
2498
5019
3259
2569
6015
170
1153
8956
8073
17
1072
2776
4347
5586
2042
9802
293
7286
9263
9962
7551
1696
2147
2771
5364
3993
2061
674
2784
2744
3528
6374
8787
1662
1284
3441
2722
7423
4642
6068
3267
8943
9658
3649
2431
7444
4144
578
6654
8317
1223
8717
6553
7573
3133
9298
691
9429
8564
4079
7166
4858
437
4290
3404
1447
9578
7077
2264
6533
3360
4505
3764
6847
1007
8390
9416
3613
5072
1536
3681
2608
3039
5901
5442
7884
7483
8384
3640
1341
4584
7947
1549
5933
8958
7646
4413
1824
6177
5014
1652
3373
8397
5730
5829
9480
5265
9585
7128
8911
2994
895
5455
6217
2294
7353
870
4743
9907
547
4248
645
5826
5513
7844
4097
5521
8984
9437
235
7446
8632
1664
1801
5148
1710
6452
3261
4154
8
4246
9285
8926
4837
8276
9062
1334
6806
3299
3835
5950
6519
58
1924
160
7188
9770
9554
5324
6634
5839
7843
6046
5034
2845
3391
782
5242
9500
6733
2012
3139
1485
9602
297
4879
9395
5133
3880
6023
4280
4037
5048
7076
2149
8154
113
1810
6032
8587
7417
7110
233
9749
6340
734
1998
1100
6303
7288
8505
1480
8040
466
5885
2161
6418
2140
1727
9005
312
2772
5036
5025
6205
7819
5138
1870
7207
8673
518
9311
3782
1621
2879
5216
5196
8539
5621
7836
9557
736
5147
4257
1383
7570
878
1792
1635
2567
6009
1134
7805
8058
347
8147
4697
3428
6674
5031
9174
5113
8672
2755
2173
4387
6901
3281
4329
8185
2263
5152
1909
9607
2015
1774
1647
2894
2313
3936
2197
1164
2637
5095
9660
163
5443
5096
6697
7571
7109
6142
2484
6035
1453
2943
9817
8942
9441
2972
9127
1570
417
4235
9646
5476
5401
7871
8101
9151
3932
8767
5765
7888
8556
5331
483
8647
6485
9532
219
7375
8358
9141
7729
9738
4925
6141
6854
2588
6799
6741
6190
5972
6926
5445
1534
3736
8633
1451
8892
3918
3814
8052
7033
622
5876
1867
8413
10000
3916
3429
3134
7550
2720
9083
8240
2810
7530
4243
3290
1187
6417
3107
8472
8042
7886
9689
6253
7176
1568
7155
5991
3040
1877
4620
1899
1243
5115
3985
9985
3584
4324
2226
4320
1069
3378
5690
7105
8388
1104
9789
7121
5181
1351
2593
6282
8199
8770
4073
2233
8639
5595
5768
3797
1079
1162
8986
1037
5777
6247
156
3738
1385
3395
948
5250
9303
8094
8426
6914
1555
3425
3468
387
5582
4265
5930
2616
7266
1551
5710
993
8818
8164
7738
3323
9278
4007
5083
9640
3406
8230
3514
1242
9168
8062
7242
6642
7239
6008
9184
6546
6651
202
4840
4602
6640
6081
7330
5427
6036
5204
2931
4733
1749
6567
5279
4995
9501
7560
5954
1728
7740
2456
965
4072
4195
686
4693
2821
3280
2647
9073
8251
414
4135
3781
7475
1973
3542
5935
9784
1851
1224
3758
6270
3943
692
6120
7730
7093
5478
4439
4468
5764
6441
9228
2158
3679
461
2223
8887
7768
9428
264
2576
2551
2317
5624
2254
3204
7695
1684
7892
2216
8175
1978
3632
1059
1366
7173
1619
8014
2962
3191
7923
6745
5955
3559
8847
5239
7374
1554
1096
1492
9790
852
6175
585
3498
5057
8458
2401
6294
8383
5038
4231
5821
269
8948
5420
5026
6698
583
4780
2855
5527
3902
846
9826
808
6930
5185
2100
373
2830
6450
6810
5431
5411
9284
4048
2102
3756
1194
5693
7743
8067
9714
8833
503
8482
3817
6324
1747
7052
8909
1028
5510
7916
3897
200
3142
5381
1859
4521
6407
9478
4052
657
8050
300
1837
6072
5435
568
7355
1396
9778
658
9952
5599
3070
2120
6887
5175
4593
8947
7659
7187
3974
5454
7283
3602
3128
9831
633
7769
7165
2003
3978
447
7448
2373
6601
9136
1772
2674
3939
4424
1631
2606
25
7855
1732
456
8725
1617
5315
8801
3125
5000
4677
4841
7196
6768
871
3659
3023
7298
9780
7912
7116
5212
5504
526
6390
3716
9693
7635
3647
7178
5951
7942
9747
2068
6669
8281
3477
1238
1907
1821
7681
422
5980
9363
7347
6863
6361
7590
1683
8591
9063
9376
4067
4447
999
4088
9401
7649
4606
8396
5233
842
5578
3598
3372
9483
3980
4253
2909
9841
918
2977
5280
572
8440
534
8843
6710
8904
7865
4216
3363
5920
4459
3697
9965
4776
87
1215
5585
8854
1075
37
6660
5507
2748
6597
8543
4574
8881
5170
8879
1129
8238
1237
3452
4074
8763
6607
2131
7433
8077
227
187
4182
3001
2287
9357
3538
7775
3312
7484
5664
4918
1723
4567
6192
6699
4292
5467
7403
7644
3161
7499
1997
1256
3529
9523
536
8819
6362
3341
1507
191
1725
5627
5851
1981
7904
4591
6391
3502
9765
2959
7735
7479
8411
4718
4337
5636
4981
1954
542
9926
183
69
6260
9615
3286
7125
3062
6467
9971
7452
5288
7342
6456
1680
7827
5484
1439
9201
5067
1969
4406
6960
9637
9893
6729
8121
9045
8753
216
8163
4781
8126
5630
2890
4227
3892
9224
3914
8719
1565
1688
1010
8797
2597
9288
8952
3645
5186
6458
8098
4318
5526
7688
5044
4527
2164
1391
6907
4149
8483
386
7864
8282
6402
7796
9803
4425
2096
2396
3874
2039
5692
9381
9215
6658
6744
3338
9821
8548
2874
3156
2734
1788
3110
2090
6739
7045
8967
254
8513
7610
1910
2311
6306
4531
9721
1268
9364
7814
6730
8806
1505
4870
4996
1933
6005
74
184
9842
7500
5856
2735
4533
7466
3775
31
9422
3837
19
2908
3376
4542
6435
1908
6843
209
905
2043
2636
6266
5368
8268
207
1967
1165
775
1872
4239
7148
1611
688
40
2063
1086
9007
7515
2229
1856
8485
5267
8083
4748
7717
4465
3563
4054
3418
3607
9525
6821
240
2280
8716
8049
5414
8139
8702
6202
6564
652
1974
7362
7287
2064
9573
8446
3819
7314
6490
1230
5191
3007
659
6040
9114
255
8117
7135
6834
9041
4302
9645
6568
8279
4398
6006
9058
377
7158
5758
2828
9936
803
4492
6337
1370
8616
5473
5927
5569
7835
9531
1612
5450
9111
5295
7432
8677
5555
6342
2837
90
6694
6465
7334
838
836
4423
9718
8627
649
8123
4619
73
1101
1112
2766
4826
7593
744
5338
9589
5793
2180
1309
4823
1320
7459
7579
4878
2732
2126
656
7876
4720
1990
9095
4444
2495
1202
3992
4947
1886
2020
6
6204
5448
1454
4509
2337
3883
3631
4390
7727
5907
1105
6718
7685
6502
6793
3302
2383
826
3189
4717
9739
3904
4181
5643
2550
7589
2355
2562
5326
8907
8655
505
3527
2911
8412
8362
1400
9725
1814
8305
1467
3165
5895
6704
4573
6858
7280
7198
2220
23
6090
9094
681
623
8762
5691
3779
2118
8218
1865
7146
5996
5938
5123
9704
7282
3984
9723
1663
8019
9104
7138
5925
3566
2910
3016
9020
5517
6075
780
7625
4514
3060
5023
4014
1753
1497
8298
4010
7307
7315
5828
1018
4581
8682
8493
4029
4616
5259
2088
4378
2238
789
8009
873
6841
2141
7464
5287
9649
9252
1881
5830
5981
1360
44
8985
7826
20
3816
3990
3252
3094
1428
8708
5003
4160
1815
9148
1776
3232
1254
3164
7873
7996
282
7538
7974
8262
8945
3199
5027
63
4351
3808
2292
3537
812
3277
8896
5911
4877
637
8200
6763
5994
9774
8250
6132
2954
2157
1026
7586
6937
8225
4903
9919
8678
6330
1206
494
1902
3555
6981
1251
6455
7197
5767
3826
6764
8975
1836
177
8788
5685
2236
4944
6756
6962
4757
289
7056
3405
7911
9916
6385
9574
2034
1844
5652
2805
6176
5729
8237
2535
5543
751
7502
5141
684
6449
9913
3552
2347
1024
3912
4456
8932
4532
296
2249
3097
8168
8044
6208
4409
7203
4894
394
1262
750
9528
6522
1181
1304
136
155
9728
5482
7455
7040
4643
1127
8681
6692
705
8254
1516
8568
7832
6646
2452
3692
1502
7792
2669
4954
1530
8897
8148
1161
3185
995
1861
3639
9269
8506
1583
2097
6804
7058
5458
6670
4853
7812
5803
2956
4679
6952
5593
3069
2405
6211
3192
9245
1900
3362
776
8091
717
3675
8557
6643
3934
7048
6505
2650
4463
8649
3224
5463
8373
9040
279
7326
2024
9568
5648
3732
7190
3857
9015
4507
7875
2437
8386
3545
4763
4611
2807
2643
8112
5868
9509
1511
4336
2436
8606
4543
6911
7825
6820
969
458
888
4552
579
109
2005
1142
4081
9947
1089
2547
8425
8143
3945
1143
5199
3737
203
5658
6426
5481
8970
2222
3568
6749
8949
498
8841
2866
765
2243
4277
5661
2087
4272
669
6802
7025
4437
3947
7831
1962
180
1746
6774
78
9153
3011
7818
2017
4111
1738
5823
9366
6439
9461
5230
2406
1014
9033
3407
8264
4650
6221
4129
8607
3891
9891
3949
389
1624
5286
358
7891
5602
8039
6069
5395
9159
7309
4471
7762
6370
7154
6705
1600
6687
6338
6772
3556
8162
7905
4491
2327
9650
506
1494
1266
6861
8750
4914
5744
1124
6595
3174
3565
3087
9923
4916
5210
2305
1744
6298
6547
6470
6397
504
2543
3210
3263
4825
9353
8524
175
6012
7588
4225
741
5889
1298
9436
1450
5524
8785
6213
6900
8415
1945
3264
7937
5538
4517
847
8594
748
5109
2603
8798
9362
7820
3346
8873
8274
3096
8825
7787
8285
7797
4737
7351
7786
4342
1898
3490
7341
4999
4328
1435
4383
7323
7168
6387
8566
9791
9959
5589
8464
196
7750
4454
4978
5156
5060
3570
2500
2430
3216
5587
1438
3742
4882
6523
9510
8704
9405
7975
8712
2836
8721
3415
2986
5914
2553
6446
4911
1415
1661
7951
8229
9900
5997
985
7620
5908
3519
5795
966
9251
1386
3965
7366
6984
8400
2152
3851
7027
4872
3813
1392
2123
1843
4516
1503
9085
2756
1046
5584
8361
618
3316
3072
6903
9499
8286
8082
4284
1590
6089
4728
8321
9934
1204
5743
5062
8715
8530
9652
8448
3693
6355
6237
5915
4546
5863
5735
319
1456
3278
338
569
7106
954
6596
9556
3241
2559
2955
9873
3081
5909
8662
6558
6989
2692
6239
3225
5604
881
5814
6198
7980
9654
119
678
2172
3773
4317
1175
7672
4863
6978
2858
3254
4626
9265
8166
66
83
3008
3169
4275
1595
3054
5275
2798
2293
1137
1705
8786
6867
4813
4031
497
7686
8898
8484
7725
1740
9911
6267
8172
2648
3499
2941
283
5188
687
7611
8130
1033
323
2196
6606
3244
3437
2470
5065
61
6326
7597
139
6307
6432
381
7822
9396
2379
2530
4078
1557
5159
6313
1857
384
265
4068
1074
7932
6513
5591
521
2785
3621
2116
2975
6950
1248
5088
9326
4651
5541
4530
5779
5718
9824
6471
9222
2388
500
6956
6866
4283
9560
3163
3445
4167
8603
9823
4434
2726
4936
234
7044
8826
5262
5870
6499
7621
508
6215
5912
123
900
7701
5101
7509
886
313
3282
6805
7149
1626
8307
3604
2536
7616
4672
9710
903
8441
1363
6290
5118
4285
595
5665
4049
7637
5306
6848
9941
4306
4429
6210
2451
1567
922
6128
8590
5354
843
1745
4681
5089
6648
4804
1213
3455
4040
651
5790
490
7926
1176
9202
5132
1873
4033
913
9537
6044
4281
3830
3253
4379
2279
8476
4789
4089
3518
6110
5434
4793
1618
6135
1884
9898
2056
9080
3626
9482
967
8862
4951
9198
8260
7100
5419
7021
2460
1287
2928
814
5194
2225
786
4641
427
7591
3175
1666
6096
8034
2944
3895
1041
4461
4540
1217
7639
7450
9358
5328
3345
7230
5314
5506
904
5256
4844
6716
4008
6414
5137
832
9867
3101
8536
4245
1935
9995
2869
9327
2262
1852
9065
7420
9377
8495
2328
5451
5563
3794
5404
8586
4724
7144
1970
7246
9641
1543
148
2045
8571
8364
4592
5037
2178
6157
6856
9038
1442
8525
2716
8418
4660
6752
1099
3601
1876
8885
4548
3651
481
2913
1657
8997
3619
2107
3108
9561
2952
2378
154
707
4431
9854
2444
7699
2984
6635
1038
2818
5536
6261
6653
1240
1988
9979
6700
8916
4117
9692
6922
1328
1514
593
3458
3952
7707
473
5215
6159
1720
7813
3702
6923
6161
7233
2638
178
9551
9857
7902
7861
7731
6885
653
824
9879
4952
5831
4291
2996
3479
9503
8451
9999
5350
5712
5680
5278
953
7535
1122
5982
3381
8589
8727
2664
7139
9569
5841
9059
215
8848
7039
5032
6855
8246
5130
1591
2967
2681
5985
9022
4934
8088
8813
668
1084
5983
7746
3463
3725
1604
8941
7293
4975
6957
4435
8093
3973
9398
9606
7215
7687
5489
9093
1892
3841
3760
6097
2111
9601
6466
8146
6668
4300
7638
4464
4462
9804
2816
2527
3436
482
6980
4682
9189
2203
4590
4443
9553
4661
6438
46
4124
1950
2295
7272
2979
9435
4508
6985
5070
2974
7887
7092
2634
5111
7456
530
4822
5240
3109
6722
5670
1800
1207
4151
4640
1937
702
8783
6480
2282
8385
4295
6011
2809
7199
8291
9489
1702
5788
6428
9860
3432
2902
4549
9849
5462
2208
5167
8037
6809
817
7755
4436
8465
8729
3922
2300
137
575
197
4970
4408
9250
6920
6888
1423
363
5706
2770
3009
7576
5755
4184
8573
1823
6083
6209
4765
5371
1226
6233
1097
2933
1566
1770
3975
5172
807
2504
6964
5045
3840
9674
719
3843
9871
3751
5439
2125
1058
1347
7384
3667
1579
6156
8290
3944
3852
3831
9627
8195
4824
3041
4843
9226
2132
5126
4571
9756
451
3618
8179
9091
2340
9352
8047
2888
8728
9474
6579
5127
7440
6425
813
5466
2850
7815
7348
3082
2446
7658
8774
6627
5853
774
7754
3388
1434
1915
7295
7533
3600
7517
6943
8747
4287
1120
5875
5345
4588
1510
9394
8340
9622
4712
7016
5383
8940
7741
8031
9193
2947
5103
1008
1272
316
976
7878
98
4652
545
7938
3160
1380
3588
7715
321
6603
9295
2234
8170
7396
708
2801
2459
1985
6594
1216
4605
994
3086
6129
1305
3915
1841
720
9664
3981
1025
6082
9603
6906
6396
8224
2253
2122
1315
6898
1085
2803
1270
828
6991
2746
7507
3491
5425
4994
6600
8492
8134
961
6258
5480
7495
3308
1190
7857
2511
7091
1087
77
3044
9668
5579
5769
6263
3706
1629
700
8308
2345
5046
4207
1932
284
4305
9453
7532
8288
2032
9874
4629
1225
7968
5721
7559
4674
3222
1227
5846
6058
1429
7497
3006
96
3382
860
3901
4624
833
3887
7437
8950
7157
135
2554
5272
1847
6915
7151
374
4205
217
3247
8420
9392
8749
760
3353
1758
5033
4812
4940
1276
5447
697
3020
978
7860
4832
3746
6626
2686
9477
2891
4764
5263
7807
4778
4359
6529
7252
3121
2059
1869
153
7405
1004
6286
9613
8081
4426
9870
4095
3803
9332
6662
3859
327
9757
2645
4687
7931
4204
9161
8064
638
1308
1979
8737
5745
2094
9642
2594
5815
5964
4065
5986
4485
1114
3812
3322
3478
9632
7095
5120
3560
8065
7680
2981
8159
3181
4688
6041
7361
3226
8973
3845
859
6973
1500
9582
7214
520
6557
463
7564
6652
8559
7467
6913
850
2670
446
815
4686
4206
9892
6185
3505
1151
6829
2552
9262
1235
9571
2627
5679
4432
9690
4171
14
7473
48
2146
2730
8125
5047
8812
3718
1784
3245
8521
1233
2942
7202
6919
3374
6134
5493
6571
9388
8963
6277
2833
9712
1125
1393
9672
5190
1594
6790
6420
1091
7674
7889
5030
8507
3327
416
2937
8935
2210
8292
7018
6631
941
9088
173
7221
7477
3075
3033
2438
1462
4350
7231
2678
5356
3328
5076
436
9238
8680
5837
181
7028
6240
4898
7512
9368
7030
7381
9758
6479
5082
3704
114
6319
9061
1047
2472
4644
5180
3629
9809
2607
9074
3501
9698
1553
2188
5317
2014
3894
882
6630
3026
5232
9816
6459
7604
5432
1138
3311
5843
2887
7434
4084
7854
6346
8421
8636
3438
4411
9317
2696
6838
3512
6074
1030
5760
3370
7833
8839
9949
6798
5600
397
1049
6811
6469
8475
9257
5108
121
8312
9434
8794
5872
1642
1541
3421
1668
6461
8894
6997
2114
4057
4192
5198
8233
7490
7260
9319
5708
1674
150
5551
4020
3220
6506
8623
3749
2421
2787
9848
8306
152
3717
2934
7830
7794
4209
2372
5358
9593
8988
3638
7967
6106
2861
1524
4860
1345
9806
4156
8080
5931
8263
4153
3049
1636
8646
6001
4966
5207
8063
8528
4045
6581
9349
8652
3138
8025
1598
8605
1646
7924
3691
6404
5362
1406
1398
6489
4421
9862
3423
2849
7073
3615
8743
3806
1794
2644
6477
5619
1078
5873
7599
3227
7997
5155
9360
3014
3959
539
2844
7222
3364
499
9346
4979
1231
1539
7526
398
641
5689
7089
5456
2940
5209
8961
6031
3740
5184
2463
1489
7436
7035
2541
2000
6429
7783
2665
8184
1499
8804
5213
6976
3409
290
12
4412
1703
6780
3520
1094
4451
9713
5221
1312
71
7899
8339
1831
3105
3847
7793
8211
4638
3650
9818
7262
1752
4410
8810
4093
9205
5722
2788
3889
1955
3390
6871
1
1319
5346
9846
9021
1875
8054
81
5923
9162
2183
7208
5784
2899
3480
5794
788
9519
6886
382
2187
7615
5380
4695
4316
7117
955
5519
371
7675
9887
6200
3599
303
1257
4938
4630
2898
4050
2065
711
7416
6530
3846
690
7527
7043
5339
2346
9410
6334
727
7915
1036
4232
4992
4906
4891
7426
7311
3722
7505
4377
6225
2482
8803
9813
4335
4942
1512
9506
2330
6276
6987
548
4747
8287
6779
726
3596
6661
2367
1057
8109
1658
9722
581
4635
5802
3129
6242
6246
3024
1678
311
9522
1031
528
885
9657
8010
8275
1850
8392
8779
939
1425
1139
2930
4357
3219
3856
2027
7290
3467
5865
232
8205
868
8409
8075
3118
7596
2066
9047
6776
4541
7885
6359
6625
3236
1734
960
4415
7770
8880
7364
8888
243
9464
2958
6725
928
8319
2945
7009
6831
1544
6144
9656
2512
9942
376
5220
1180
3279
9850
5801
8191
6542
7988
7549
2522
1866
9231
459
7083
4400
9051
1930
9313
4076
8196
1117
2960
7781
453
1771
2675
246
7294
2165
5752
3419
1817
9043
3058
5949
3516
9057
1724
5704
660
5059
4610
3652
662
1307
5613
3739
5413
6791
3948
4460
5812
2957
4180
8944
5976
7234
2685
5973
4529
9003
6297
7263
4594
8903
4438
2518
5423
819
8241
4668
3460
9496
2777
3611
2589
5351
4136
7308
9025
576
4003
9541
2573
6840
5100
5605
8436
4920
914
402
5678
5261
6995
4614
8776
4746
606
6753
9236
211
7953
6476
7447
3643
8190
4322
9264
673
7320
9385
5817
5639
1023
7498
8987
8138
1673
54
9204
4745
4730
5281
7024
104
29
7711
2291
2394
5939
5577
1610
9605
3926
9679
2113
4157
9244
9779
1523
7804
2477
9592
142
1296
9638
4218
7411
6602
742
8515
7313
5596
5649
551
2793
1410
8103
8422
2847
7801
166
1160
6510
5612
611
5318
2796
4560
644
8267
6992
9977
8968
9761
2973
7152
1963
1093
8572
4334
2002
1317
1460
865
6703
8674
3953
2354
9026
5374
8937
577
5335
927
7943
4827
1167
4634
733
7305
5975
6264
5486
614
6712
9386
8449
7435
301
7722
2008
6147
5592
273
9545
7742
5654
1700
6146
6076
8675
6690
5192
6633
3493
2815
4042
4301
5077
1182
4770
6206
4249
8641
2189
9361
6296
7705
5316
2521
95
1987
6657
8325
7438
7002
3103
4370
6649
867
4890
6917
2190
6245
4835
1751
7877
5226
7710
8689
6329
754
2769
1585
1371
5009
8215
6478
3676
26
6736
3051
3752
8389
3126
1768
5497
4855
6934
8811
4586
2006
5609
7267
5958
3021
5776
145
457
7623
1476
6743
9618
6808
7697
3492
1916
4907
7806
805
5697
7608
9801
8686
159
1609
7012
4319
9445
9918
5882
4131
4201
5799
3132
6509
7716
9119
5922
467
4420
8869
3664
405
8882
5992
5590
1812
7184
9993
9945
3911
9487
5567
379
1130
713
3744
3680